7747
4409
9551
5146
8559
11851
11041
4556
8677
10429
7765
2572
9168
10300
7541
4071
1370
9329
9296
7789
6578
49
2948
11573
4247
4075
9571
4958
9997
3803
5187
8613
11266
11625
2067
248
4723
8127
543
7225
6087
4224
7439
6872
6552
41
1550
5723
2667
11467
5153
9512
1257
7065
10625
714
5009
11060
9295
5025
12089
5415
4992
141
12248
1427
1450
6368
4335
9773
2695
2398
9602
7145
5393
1639
6303
9692
7423
7358
6740
9892
291
3750
5553
6002
2387
7503
343
5534
2502
4330
8627
11650
5633
398
9327
10663
1765
4017
3050
4653
9650
4219
10649
3137
6594
8785
10510
5585
7143
6792
21
10176
2607
9134
2732
9768
7003
905
12218
1497
5367
11952
700
2657
6648
7281
9553
8423
8586
7112
12124
3862
8776
3
7888
11694
7117
9974
2922
10897
4145
6236
10459
9638
4913
7600
5599
10002
3744
8589
9425
11057
8050
6486
11630
557
4780
3932
3362
10426
2783
5043
8235
2061
10859
668
6602
2308
6528
6163
9897
1006
6427
2423
3558
1704
11100
6360
6421
6569
5955
7294
12145
5703
10026
8586
10892
10581
10444
6557
6554
6697
2111
9144
2482
5534
9055
6758
7420
7310
1970
5967
11142
12043
11599
4001
1612
4387
553
2166
11938
4466
6961
5917
8723
1428
3381
3501
12169
11712
3993
5167
10272
6481
11798
8961
11087
6641
6104
7171
1598
4680
9309
8259
3613
686
131
501
2334
9850
676
8020
4469
4324
7488
636
4180
5834
6555
3908
4270
3683
1112
12209
906
7662
9383
6054
8404
4224
2038
5199
1831
6610
5407
5285
4445
2867
1412
2404
9911
7812
10399
70
1496
11273
3908
5190
6573
4683
8817
8507
11528
11550
11259
6360
7193
4853
7414
9589
10130
11889
5130
6707
8548
3591
5371
5026
217
364
8843
10768
7960
9290
9662
2254
3771
4418
8229
4429
10641
1521
4910
8027
10567
425
10597
2048
4252
4576
1039
2312
7966
6915
5655
6641
11107
5073
8173
11747
9081
8372
9531
8057
3316
1627
7207
12020
9144
10065
10487
10449
6032
2778
668
3087
1787
10803
2560
11454
4977
9909
8918
231
4765
6309
9622
10809
6876
5489
7049
9565
1414
9510
1436
1667
8165
7612
10288
7809
9293
10835
10426
5154
9623
2748
525
12108
5821
2761
11611
11422
3392
240
2799
2365
6807
10697
6354
9035
1509
5122
5027
12047
11920
6742
505
2426
8461
12238
5143
8355
2089
3081
7466
2804
9435
1187
3813
1196
3269
9024
9050
1863
7063
7681
7215
9750
4613
8332
2098
7549
10744
9422
1405
2011
7502
3050
9899
7873
7199
10401
2481
9213
10389
6536
7175
6579
11659
4094
1082
2469
8944
8295
9834
1055
6473
1793
3155
7237
9856
2193
4330
5769
5485
3282
7925
1267
41
3699
3929
11271
6386
2205
3485
10174
10268
12278
5823
377
2503
4247
7525
7447
4812
9428
8247
8043
9029
9218
1929
9096
3676
5416
2446
10963
3699
2211
8817
2617
6858
11151
7602
2801
1133
2393
3732
5681
1418
9541
4309
12225
9068
3288
5568
8601
7605
1385
6833
5737
594
4895
290
6791
3129
6176
12080
8192
8551
4289
9074
3236
7492
8104
5567
5259
11606
2282
11404
1528
768
1682
11274
3890
4887
2609
11974
64
3359
4943
590
3663
10378
2880
10239
1261
9690
3183
5702
10816
7360
1914
6912
7013
4004
8674
7240
4150
2909
3031
10256
5479
5194
970
5884
3949
7587
280
3494
7232
5740
12160
4354
6200
8459
11568
3275
9065
4446
8696
5248
3022
3153
1192
5290
8347
7687
1932
2966
8893
1190
43
11201
9954
5542
3
11115
8968
9879
11565
10299
5968
7241
5566
640
1733
2950
11566
11416
10492
1980
10629
7602
3312
7890
10277
7901
5113
7751
306
10937
10031
6332
10879
6227
10947
82
1312
2102
11622
12099
9900
5314
8196
1630
7294
5434
262
7838
9430
5511
3353
3084
6747
7905
3930
10102
7012
1488
2780
8542
11438
2631
4756
5904
119
11596
1705
10201
1044
6666
12156
1483
10297
6861
2151
11025
12090
3901
10304
354
5227
4309
8518
8575
4314
2429
9408
10438
2594
2142
5583
5489
6302
3690
10118
9334
2304
1584
5043
11915
2206
9758
5817
9559
8601
4238
9995
967
8702
4749
10098
7733
703
11155
1403
329
9432
1410
11598
5101
10461
8693
3989
4869
712
5158
3826
370
11913
8333
11694
4868
8764
5171
7584
7120
609
1430
7091
11640
640
5089
10225
5573
1130
11911
3025
4634
3187
12245
11484
10182
10247
11923
7111
6829
10841
4127
10851
7392
3572
6914
3789
10511
5842
2562
688
1801
8344
6030
2345
2823
5366
2011
9357
12163
7381
6342
10862
12149
5304
1039
5307
12072
1390
631
7572
7195
11306
7731
9551
594
2455
2882
1665
11460
2088
1780
1305
9468
1522
10670
730
10928
9526
7805
9260
