11850
854
1266
4735
926
3358
7312
7243
3696
7358
9249
4373
8585
2923
7306
9858
12259
7117
10052
9871
3487
12103
1606
421
5349
522
8736
2451
12112
5681
7010
8031
9945
7929
4918
8637
1555
5915
972
6082
6245
2977
5456
5810
9402
7809
6171
7661
688
12216
2655
11880
11708
4648
693
5206
11167
2966
5065
1211
2771
2705
4811
6349
10837
4455
6580
1456
2557
2067
8303
6456
3999
10358
6511
11795
5878
3573
1152
7613
10103
10223
342
10869
12221
8786
5789
9857
8213
2618
6060
605
6808
2886
7902
5191
4876
1781
8473
6137
8901
7608
3340
2339
9781
9020
7117
6940
12285
1788
3359
6118
9876
9579
4786
4742
9277
1341
10675
5910
4201
7500
6564
772
5865
2890
2287
10543
1008
3720
6538
4913
805
2628
1796
12053
9906
10905
11930
10072
515
10813
386
7196
9308
9999
1396
10681
4401
5878
1525
8977
11640
4082
8384
403
12177
5256
7824
7187
2738
1058
8059
6328
983
1487
12199
11091
3416
8034
8003
318
1364
5153
284
4503
8861
2424
5333
3831
11966
11960
4092
10836
3038
5951
2163
6353
6915
11224
10281
8872
7599
1578
4954
3524
2086
7700
7316
535
2238
6861
4469
8775
11613
11344
11380
5533
4405
6991
11730
350
3415
1144
335
5368
8330
9284
6788
12258
11196
5550
1744
9516
7419
2476
8813
95
3064
7424
6841
430
10270
221
458
6364
10880
5662
7367
7789
12086
5438
542
5125
7229
1116
1377
809
4198
5780
6801
7522
7286
11457
2135
7495
10286
8513
8865
10376
1045
6335
3640
728
9898
95
4734
2464
8743
1879
10161
1171
4827
10795
8609
6442
4083
8020
9404
7377
5256
9446
1392
9195
6812
3923
11454
6162
7873
1077
3123
4202
8249
586
1869
3412
9678
10222
7460
4424
8610
3116
12047
5431
809
11330
2312
4442
10717
10027
3598
10426
6805
1187
11886
8557
10650
9959
4196
422
3746
3446
1676
7779
3385
11105
3623
8888
4379
4927
7988
10018
10299
11011
7941
5915
9482
10187
7976
11575
4850
588
1547
3161
4332
7871
6840
8789
11017
9316
8473
735
9029
9229
7522
1122
6680
5405
3298
2762
6053
5224
5357
4129
3595
3672
3362
4141
10985
487
10406
7399
3972
11538
2478
7896
10748
10694
6716
12242
3763
3758
8274
66
2648
6153
6878
11249
1045
1237
8214
9099
1499
2332
2387
4894
10590
8396
1695
6582
919
172
6946
2909
4235
5305
307
2283
5566
3380
2089
7665
4120
7131
10985
9719
567
7836
11570
2398
7789
9306
205
3683
3915
11320
7990
5766
2335
826
8733
5059
6601
2464
3333
2845
7473
11966
6773
8657
1463
2964
524
2458
6143
9690
9835
499
4177
8914
2213
5751
96
2695
4044
2362
3344
8462
3608
6033
10677
9186
4575
10824
7622
5085
5813
7147
2571
10669
11382
10010
1829
9318
8526
9536
5055
3041
3405
4028
8794
1509
4527
7635
3317
7667
9294
4058
8970
1372
8326
8198
7164
11198
5133
4681
8602
1116
9382
417
3104
1949
2522
9786
2138
6878
3795
11395
7558
4666
561
5056
2631
8820
8649
3319
340
3089
6475
2439
8807
10194
812
213
1900
10028
7932
2024
6541
3503
3864
5004
7018
598
10222
6772
8450
8497
7092
5171
6799
6517
4182
2496
4932
618
2825
519
2823
5294
10188
4273
3027
8193
9697
10618
8968
9160
194
1444
9236
1962
8931
4500
11317
2108
3619
6750
3290
11725
11065
6315
12239
4260
2390
9954
2716
5275
11479
9806
8958
686
11841
7810
5545
1024
7714
12238
8768
559
2519
1504
4971
5747
9376
6035
2711
5143
9294
1708
2831
650
8903
5016
10585
7184
1955
7136
6676
6587
4259
9286
4594
6572
3392
9107
7165
8144
9708
8845
5962
9122
2792
11104
5119
1400
6945
9837
1872
8478
9730
10598
9889
11858
11669
1920
3948
10358
11213
478
7260
11039
10254
10524
3634
4805
1921
7386
5950
5892
3665
7915
11214
4965
5497
2283
387
2638
4995
353
7503
9302
12103
11770
7793
2345
11857
9938
1714
1891
6420
1675
9850
8760
8307
8759
175
6490
10421
7919
1747
12048
9569
806
6721
837
9770
9719
6832
6253
5807
3676
10199
7866
693
3625
7454
11274
3430
8535
4737
11672
11758
719
2134
4406
1724
10084
1270
292
5504
8038
2254
3986
4964
735
8542
12077
7752
9139
10813
9459
4878
5363
1905
10496
9059
6815
6826
8864
6407
6204
4289
3375
7490
5441
477
10538
11098
4709
9381
10058
6738
8035
8595
1400
8451
8245
12171
6432
5406
9829
2016
4325
102
1132
11954
9662
12096
8392
319
6895
7811
1482
4918
9375
4401
1357
6860
7731
11201
12032
6779
6781
8280
5188
228
9576
9995
4383
8994
8392
2630
11147
11401
3460
103
286
3885
10715
6926
10664
1172
4236
9657
1559
9912
3624
5106
2082
