3304
3781
1034
5396
2658
535
3174
10490
750
2069
1415
7768
10285
1164
4924
8911
1609
4955
8918
356
10276
7181
4311
11724
4390
7947
10265
7744
5277
2810
5967
6568
4821
3622
11792
6856
3440
5490
10516
11267
11538
8913
10648
11823
10160
10987
10895
42
9982
950
10546
2688
9572
5872
3122
6453
5931
5278
10504
6097
2818
8394
513
10783
4525
10212
8316
10195
9281
930
5216
3069
10290
2192
9366
7746
11539
1993
9922
6456
7973
1695
11997
12130
9833
8286
8240
259
2529
4132
3721
7342
3175
691
5966
6644
2994
3793
887
1218
11254
1780
6264
7789
11005
465
10509
9331
9917
7617
12274
11801
6142
8645
259
375
761
4589
9698
11803
1256
5334
12045
11315
6418
4854
5906
6948
4696
816
9643
94
7863
11109
8714
6457
10237
1963
5229
1140
6675
4058
3466
8648
7009
9893
3209
7688
1865
10783
5523
4407
11426
11259
1574
3177
1139
1315
8047
1308
3623
1078
11971
5278
9619
10918
2191
468
5266
1007
3380
2576
3457
10710
12226
7946
5684
11758
4192
6859
8007
6058
3548
5310
2848
9366
9469
7030
956
10865
6262
8909
2605
969
10289
11773
5551
2388
8092
1441
9599
10488
11997
3765
4160
4264
6350
6583
1140
6060
2658
599
6755
2500
11310
7442
11473
3176
1156
2188
4092
7464
4723
4059
10872
7914
10332
12174
216
9468
10719
11095
10171
6393
4775
5230
944
5492
10350
7516
3633
3243
4785
5191
9674
2813
8833
11981
8242
9857
6957
593
748
1993
10546
6687
11003
3031
10600
10353
1725
1688
9171
232
8488
6528
6186
9857
9410
2076
8535
1976
5220
11774
4806
4577
5514
3717
12123
7331
10973
1392
1520
9902
3142
2246
484
5084
2606
5278
815
4168
7476
10587
7126
10761
4426
4932
11892
2431
5808
8476
6661
4794
8125
2606
3989
7277
8268
637
6286
1963
7961
2188
8156
11317
4898
5662
7242
3721
11126
7130
5931
3565
3895
9497
4737
4933
5819
1723
2975
3682
9238
5548
4613
10968
2439
1645
5698
1111
3441
6513
5498
9861
3983
721
6774
3249
8870
3165
3619
7725
2285
451
2001
5541
4068
10116
10542
7276
1811
5590
10680
8721
4460
12061
10096
6404
4758
8328
3884
9126
2013
5106
2682
9123
11368
10842
9822
9218
2256
661
12132
3794
1602
8524
10032
8835
1153
5802
4556
11585
4520
10598
3179
3278
11579
1596
8469
5298
4542
11719
4057
8704
11736
3606
5381
5213
3762
7643
455
5586
648
6485
9059
4623
591
8453
7591
5144
6312
11837
4881
11435
316
259
10709
1787
6944
6953
10622
2101
12169
5324
9870
7084
6748
11915
4332
5694
5941
6455
802
7894
4492
4282
4308
8009
6072
2440
3228
5631
10376
6147
363
3015
3186
5897
1932
3165
3944
5737
6734
10040
4424
3079
12135
11197
5364
5573
10738
7320
7453
4348
7253
1611
6075
2330
9627
10399
10901
38
9716
2107
740
12079
5969
5586
7289
3825
1122
9672
1724
3873
2719
8410
1026
1031
2408
2393
8148
4995
1888
2530
1924
8663
9995
9921
7396
2813
3345
9807
1344
3824
10984
6834
10505
4392
5649
3457
1166
5474
11846
9304
3532
2811
6997
8195
5025
8250
6133
9157
1775
122
8739
6854
11742
1058
7881
3354
7505
4240
12061
6373
22
9520
6384
2860
6925
6970
11469
7186
98
6243
5476
6754
8859
1934
2926
5715
1854
3658
8936
7163
6232
12271
3979
11713
5613
758
8904
10381
12082
1581
8656
558
2113
8233
679
6470
4936
10012
4744
4324
848
2554
10876
10431
6237
10314
2285
4457
1941
8894
448
9912
3889
3491
11283
10256
7630
8791
8371
7435
5946
5780
6368
9964
5007
7396
633
10919
11955
9483
3582
8139
1169
8870
2470
1459
7151
8091
10977
11145
12272
8081
460
104
6862
5718
5130
7849
4369
9047
12229
6941
749
10576
5174
1831
9356
5218
6790
8848
8497
10481
9657
9065
9449
2249
7388
614
50
7588
5184
8544
11255
2006
11345
2005
6458
11575
59
9170
8865
1126
995
2378
11423
4398
5359
8468
4606
10868
3131
2285
3835
1534
1963
3656
10318
8692
2462
7617
4749
1893
9960
7812
9586
2152
11604
3777
344
3497
11676
3351
3352
1038
8702
11882
5772
11614
1390
1583
4626
226
10040
8889
7243
4878
5643
3790
1042
7040
9266
9897
11558
8056
3632
2225
2488
10340
7893
11386
539
10661
8361
4650
12077
8318
3209
1774
1974
8841
7454
1836
10054
2778
2939
1926
12151
2143
11613
2389
3062
8060
5494
8903
5377
1815
8522
5079
10904
60
10803
5497
2564
9413
11150
968
2063
9779
4914
2634
10112
6957
11958
11084
8477
6039
9790
3732
9895
612
6597
11355
580
4318
1655
7404
11505
12192
11236
597
5982
5016
12100
2633
4476
12218
913
6508
1341
11351
5500
8403
7228
10584
8215
10345
