33
68
108
145
181
215
252
295
315
343
306
235
254
209
217
302
387
472
557
642
727
812
897
982
1067
1152
1237
1322
1407
1492
1577
1662
1747
1832
1917
2002
2087
2172
2257
2342
2427
2512
2597
2682
2767
2852
2937
3022
3107
3192
3277
3362
3447
3532
3617
3702
3787
3872
3957
4042
4127
4212
4297
4382
4467
4552
4637
4722
4807
4892
4977
5062
5147
5232
5317
5336
5351
5356
5367
5380
5397
5408
5407
5452
5481
5640
5867
5914
6089
6158
6073
5988
5903
5818
5733
5648
5563
5478
5393
5308
5223
5138
5053
4968
4883
4798
4713
4628
4543
4458
4373
4288
4203
4118
4033
3948
3863
3778
3693
3608
3523
3438
3353
3268
3183
3098
3013
2928
2843
2758
2673
2588
2503
2418
2333
2248
2163
2078
1993
1908
1823
1738
1653
1568
1483
1398
1313
1228
1143
1058
973
888
803
718
633
548
463
378
293
208
123
38
-47
-132
-217
-302
-387
-472
-557
-642
-727
-812
-897
-982
-1067
-1152
-1237
-1322
-1407
-1492
-1577
-1662
-1747
-1832
-1917
-2002
-2087
-2172
-2257
-2342
-2427
-2512
-2597
-2682
-2767
-2852
-2937
-3022
-3107
-3192
-3277
-3362
-3447
-3532
-3617
-3702
-3787
-3872
-3957
-4042
-4127
-4212
-4297
-4382
-4467
-4552
-4637
-4722
-4807
-4892
-4977
-5062
-5147
-5232
-5317
-5336
-5351
-5356
-5367
-5380
-5397
-5408
-5407
-5452
-5481
-5640
-5867
-5914
-6089
-6158
-6073
-5988
-5903
-5818
-5733
-5648
-5563
-5478
-5393
-5308
-5223
-5138
-5053
-4968
-4883
-4798
-4713
-4628
-4543
-4458
-4373
-4288
-4203
-4118
-4033
-3948
-3863
-3778
-3693
-3608
-3523
-3438
-3353
-3268
-3183
-3098
-3013
-2928
-2843
-2758
-2673
-2588
-2503
-2418
-2333
-2248
-2163
-2078
-1993
-1908
-1823
-1738
-1653
-1568
-1483
-1398
-1313
-1228
-1143
-1058
