1024
8192
128
-2
-32768
-4096
-2
-32
-64
-8192
4
-1024
-4096
-32
128
2048
-65536
32768
-8
-4096
16384
-32
-65536
-1024
16384
64
256
1024
2
-32768
-4
8192
-4096
-32768
32
-8192
64
-1024
-1024
-2
-64
-32
128
128
1024
-32768
64
1
-2048
128
-32
128
2
-1
16384
2
-256
-8
-1024
-4096
16384
-8
-1
512
-2
-128
2
32
-1024
2048
8
-512
-8192
2
1
256
4096
-16384
512
16
16
1
65536
256
-32
2048
2
16384
256
-16
-65536
-1
-2048
-8
-1
32768
-2
-32768
-256
16384
-32768
-128
16
256
512
128
-32768
-1
16
64
-4
-64
-1
-4
-4096
-8192
-64
-16
128
-256
-2
-2
-8
65536
16
-8192
8192
64
16
-4
64
-32768
1024
-16384
16384
-16384
128
-8192
-2048
-2048
16
-64
-1024
2048
16384
-4096
-1024
16384
-32768
4096
-8192
-256
-2048
-16384
32768
-32768
4096
8
1
1
-128
-4
-4
2048
-65536
-4096
32768
32768
4
1
32
8192
16384
-2
64
-128
-32768
-8
2048
16
-16384
256
-4096
-256
1024
-2
32
-1
16
-512
512
-65536
-1
1024
256
-16
2
-32
-16384
-16
128
128
512
32
65536
64
-512
-8
-4096
-16
32
-8192
512
1
-2
4
-4
4
-8192
8
8192
1024
512
-16384
8
64
2
64
128
32768
-2
-2048
-1024
-32768
-2048
-2
-4
8192
-64
16384
-65536
-8
2048
64
-256
64
2
-512
-32768
-512
2
-2048
32768
16384
-128
32
16
-16384
-8192
2
-256
-256
8
-16384
128
-1
-2048
-32
8192
1
-512
-512
-8192
-64
-4
-16384
-16
-2048
-4096
-64
64
8
8192
8192
128
-32768
-16384
-2
-128
8
1024
-32768
-128
8
4096
2048
16
512
1
16
-32
32
2048
-32768
512
1
-256
-2
-4096
-8
8192
-256
-256
32768
2
2
-4096
-16
2
-4096
4096
-65536
-8
-8
256
-8
-128
8192
16384
-16384
16384
-4096
512
2
-1
65536
-2048
65536
2048
32768
-4096
-65536
16384
-8
-128
-128
1024
1
32768
-16
-32
-16
-16384
-8192
-512
8192
-8
-8
-64
4096
8
-4
-1024
-8192
512
-8192
-2048
-256
256
1
-1024
-8
-4096
-1024
-512
-65536
256
-4096
-4096
64
65536
-32768
-64
1
-16384
-4
-8192
65536
32
-1
256
-8
-8192
-16
-4096
-64
65536
128
-2
-4
-4
128
-16384
-16384
-128
32768
-2
1024
2
-65536
1
65536
65536
2
8
4
-256
-16384
32
-4096
8
16384
1
-8192
4096
-256
-32768
16
128
512
4096
-1
1024
-32768
256
2048
-2048
16384
1
-8
256
-2048
8
-65536
2
512
-128
4
-8
512
2
65536
2
4096
16384
256
-65536
16
-2048
-16
-512
1
512
-8
-1
65536
-256
-32
65536
-16384
-2
-8
-2
-512
4096
-64
8192
-2
512
-128
-128
-8
256
-65536
4
4096
-32768
1024
-16384
512
-8
256
4
1024
-65536
32768
-8192
16
16384
-1024
8
1024
-512
-1
16
16
16
-128
-1024
512
2048
-64
16384
16
512
64
-32
-8192
1
2048
65536
-16
64
32768
32
-1
4
32768
-16
-128
-32768
1
-256
32
8192
-1024
-1024
-2048
1024
65536
-1
32768
16
-1
32
-64
4096
-2
64
-4
8192
32768
-8
4
-1024
512
-8192
2048
-1
256
128
32768
-256
16384
-32768
2
-32768
4
32
-32768
-65536
16384
-1
64
64
64
65536
2048
-16
128
-256
-4
-8192
-1
32768
-16384
-2
-8192
-512
65536
1
-8192
2
2048
-16
2
-32
-16
-16
-32
-16384
-16384
8192
-128
256
-8
4
-4
16
-16384
-1
-16
2
-128
4
8192
-65536
2048
2048
-2
-8192
-8
-256
16
64
-64
-1
4096
-1
-65536
-32768
-512
16
-2
64
-32768
-32768
4
8
-64
4
-32
64
2048
8192
-8
-16384
-8
-2048
-32
-32768
128
64
16384
-8
512
8192
512
8192
256
-32768
32768
1024
128
-32
32
-32768
2
-4
65536
-128
1
-1024
16
128
-512
512
256
-64
-65536
-8
2
-32768
-32768
1
1024
-1
-16
-65536
-16384
2048
-1
-4096
-65536
32
1024
-2
-32
-8192
-8192
-4
-1
32
8192
64
-16
-4
64
-16
16384
-512
-4096
-1
32768
-1024
512
4
256
2
256
8192
-512
32
2048
4
16384
65536
-8
32768
-64
2048
-64
8192
-8192
32
-8192
512
32768
-256
32
-8
128
-4
-2
16384
65536
1
16384
-2048
65536
16384
16384
64
-65536
8192
-1
64
4
-32
-4
128
32
-4096
-8192
-64
8192
512
-8
256
256
-65536
-4096
8192
-65536
128
-256
-1
8
8192
65536
-1
-65536
4096
1
-1024
-256
32768
-1
-16
-1024
-256
-8
8192
4096
4
1
-4
-64
16
4
-64
-8
-8
-4096
-4096
-1024
-64
1024
32768
-2048
4096
-16
-128
-64
-32768
-32
8192
512
65536
-32
-64
-128
-8
1024
-65536
8
8
8192
8192
65536
2
-8192
-65536
-64
-16384
64
512
-512
65536
-256
4096
8
1024
-4
-256
-16
-65536
-65536
2
-128
-2
-2048
32768
512
-8
-256
-8
-32768
-8192
8192
4
512
-8192
1
2048
16
-32
-32
-32
4
-256
-16
-16
4
-128
16384
32768
-64
-8
16
-16384
1024
-1
2
16384
16
1
-1
8
-64
-4096
-4
-64
-2
128
-16384
1024
4096
32
8192
-64
-8192
-64
-8192
32768
-4
-16384
64
16
-128
-65536
-512
32
-512
512
8192
8192
1024
-512
2
-4
64
1024
-32768
-256
-2
32
128
-16
-2
32768
4
-8
512
-4
-4096
-16
8
-8192
32
1024
16
2
-256
1
-32768
32
1
64
-4096
2048
2048
4096
-16
8192
-2048
512
-8
-1024
1
256
32768
1024
4096
-65536
-1
-64
-1
-4096
65536
-512
16384
-2
128
-256
-64
-1024
256
-128
-512
-4
2048
1
16384
-1024
-512
2048
16
1
-1024
65536
65536
-16384
32768
-4096
16384
-32768
64
65535
-20000
