64
2
33554432
2
4
-32
-256
-1048576
-4294967296
16384
-8388608
268435456
16384
1
-16384
4294967296
-4194304
-1024
131072
4194304
-8192
-2
4096
-16384
-256
4
-1024
-524288
128
-256
2
16
4
524288
-524288
-1024
-8388608
4194304
-16777216
-1
-2147483648
-16
262144
-2097152
-8
1
16
536870912
-16
32768
32768
1048576
-8388608
-8192
134217728
256
-256
-2147483648
33554432
1
16777216
-4194304
-131072
-64
134217728
-16777216
4096
524288
-268435456
1048576
32
1048576
2048
-2147483648
16
-4194304
4096
128
-1
8388608
512
1073741824
-8192
-8388608
4
8388608
4096
268435456
1073741824
-524288
16777216
4294967296
-131072
-4
4194304
-8
-1048576
-32
-33554432
4096
-2097152
-64
-67108864
-1
256
268435456
256
-1048576
-2048
65536
1073741824
67108864
8388608
512
-8
262144
262144
16777216
-536870912
-2048
-268435456
16
2048
2097152
131072
-65536
-33554432
-1024
16777216
-128
32
-128
-1073741824
2048
262144
-128
-32768
128
-4194304
64
-262144
32
-262144
-1
2048
-4294967296
-256
-536870912
4194304
-32
-32768
-524288
536870912
8
-131072
-1073741824
32768
262144
-4
-4194304
-536870912
-8192
-1048576
1073741824
4194304
-1024
-4194304
4096
32
-4
-256
8388608
16
-32
-32
-16384
-32768
-4294967296
131072
-16384
-128
16384
1024
-65536
-134217728
-4294967296
2
8192
134217728
131072
64
16
-65536
4294967296
256
-512
-2048
-4294967296
256
-128
32
-4
-33554432
8192
4194304
256
-2048
-1
-256
134217728
-8388608
2048
8192
32768
33554432
-2048
67108864
-131072
-131072
2147483648
8
131072
67108864
-8388608
32
-262144
32
-16
16
-2
16384
2147483648
32768
33554432
268435456
-1
-2
1024
8192
-1073741824
268435456
524288
33554432
1
-268435456
16
-8192
8388608
-512
-8192
-67108864
-8388608
1073741824
32
262144
-32768
-1024
-64
268435456
-256
-33554432
-2147483648
-268435456
16
8192
16384
8192
1
-8192
-134217728
-2147483648
1
-67108864
536870912
-1024
524288
33554432
64
-512
-2147483648
-33554432
-1048576
262144
2097152
16384
-16
-67108864
33554432
-8
-1
512
-1024
-16
524288
-4
8192
-128
8192
-524288
-4294967296
-8388608
128
-131072
4294967296
1
-268435456
-8
-16777216
-67108864
536870912
65536
67108864
-4294967296
-16384
-16
4
-8388608
-2147483648
536870912
-1073741824
-33554432
262144
134217728
16777216
-4194304
8
-1073741824
262144
-2
-512
2048
-1024
-524288
-4194304
8192
-262144
8
2
2147483648
-16
-134217728
262144
536870912
524288
-1024
-134217728
-67108864
8388608
-67108864
-2147483648
-16
16777216
16
524288
-16777216
8192
-65536
536870912
-32
-16777216
-67108864
1073741824
1024
-65536
-16777216
1024
16384
-4194304
262144
4194304
1024
-8388608
524288
-4194304
8388608
-16777216
16777216
4194304
8192
16
1
512
-4294967296
4194304
64
-512
2147483648
-268435456
33554432
2147483648
-16384
-1
-262144
2147483648
-65536
-33554432
-262144
32768
-134217728
-1073741824
32768
-8192
-128
-65536
4096
4194304
-2097152
-262144
-128
1048576
536870912
2147483648
-4194304
16384
16384
-524288
-33554432
512
8388608
128
-1024
-4
-2048
1024
-256
1073741824
2097152
2147483648
-33554432
1024
512
-512
-67108864
-1024
-67108864
-2097152
2
-262144
-2097152
-8
16
4096
32
-524288
-536870912
-33554432
4
1073741824
128
-32
-2097152
524288
268435456
-2147483648
131072
128
268435456
1
-1048576
32768
16384
-268435456
134217728
2097152
262144
8192
4194304
64
-16777216
4294967296
-64
-65536
262144
-134217728
-2147483648
1048576
-536870912
8192
-268435456
1024
-4294967296
-2
-64
65536
1048576
-65536
32768
-262144
-524288
256
16
1
64
67108864
-128
-16384
33554432
-268435456
16777216
-4294967296
1073741824
268435456
-65536
-131072
32
-2
8
-4294967296
-524288
-131072
-65536
16
8192
-2097152
-512
-128
1048576
1073741824
1048576
4294967296
-2097152
-1073741824
-8
67108864
-1073741824
32768
-268435456
4
-1024
4194304
-134217728
-1048576
32
65536
134217728
67108864
16777216
8192
-4
-2
-1
536870912
2147483648
-1
65536
-33554432
-512
1
1073741824
64
-65536
-64
-131072
-8192
-32768
-131072
32
64
-8
64
2097152
-1
1
-262144
4096
-2147483648
32
33554432
-32768
268435456
-8
-2097152
-16777216
524288
16384
65536
32768
-2147483648
64
4294967296
1024
1024
-262144
-4
-536870912
32768
-8
-256
32768
1
134217728
-256
4
-16
-16
33554432
-64
-8388608
-256
67108864
-524288
16384
32768
32768
-524288
-64
-16777216
-65536
1048576
131072
-4194304
-16384
-1024
16777216
-512
-1048576
67108864
4194304
-8192
-2147483648
2048
-2048
-4
1024
-8388608
-134217728
512
1048576
1024
-16777216
-64
8192
-32768
-2048
128
-128
-1024
8
128
4294967296
16384
-512
524288
-262144
2097152
2097152
-134217728
32768
-1073741824
4294967296
-16
-1024
-65536
-4294967296
-2
-131072
-64
-268435456
-1048576
32768
2147483648
32
1
1048576
4294967296
-524288
-32768
524288
2048
-4
-8192
-256
-536870912
-4096
131072
-524288
16
-65536
-1073741824
-32768
-4
4294967296
-262144
33554432
33554432
524288
8192
1024
4294967296
-8
131072
-67108864
-8388608
-131072
-131072
256
-256
8
4194304
-131072
-2097152
-2048
268435456
-8388608
8192
128
-262144
-256
-1024
-4294967296
8192
-131072
8192
-4096
134217728
-2048
2048
8192
-8192
67108864
262144
-524288
-8
-67108864
4096
2
536870912
8
16384
4194304
-8192
-2048
32768
-536870912
4096
64
1024
-524288
-512
32
4194304
-131072
134217728
64
32
32
32768
8
512
-1048576
2
128
-16
32768
1024
64
8
-512
-1024
32768
-67108864
4096
2097152
32768
1
-128
268435456
-16384
8192
-16
8388608
-4194304
-33554432
134217728
-4194304
-2097152
-32768
-67108864
-512
-32
268435456
-65536
2147483648
134217728
1048576
-32768
-1048576
-2147483648
536870912
-32768
8
-262144
67108864
-65536
-4194304
1
65536
-33554432
-524288
4
1
2097152
-2147483648
256
8192
-32768
262144
-536870912
-64
-32768
4194304
-16384
65536
1073741824
-256
64
1
33554432
32768
-4
32
8388608
4096
-1048576
-65536
-4096
-128
2048
-33554432
4096
-524288
2097152
131072
1
-16777216
-512
-512
-16384
524288
-32
-2097152
8192
-32
-16384
-65536
-2048
33554432
-4194304
16777216
-4294967296
131072
128
67108864
-524288
8388608
-536870912
-64
8
-8192
-2147483648
-32
-4096
-1024
64
-2048
536870912
524288
8
524288
-536870912
-4194304
4294967296
16384
-1048576
-65536
16777216
-2097152
-262144
-2
32
4
-32
2048
1073741824
-67108864
-4294967296
16384
-512
-4194304
4096
-512
64
2097152
-4
-16
-536870912
134217728
-8192
-2097152
-268435456
-64
8192
128
1
-32768
-2097152
536870912
33554432
-65536
1024
-2097152
1024
2147483648
32768
1048576
4194304
4194304
-65536
-4294967296
-16
4294967296
4096
65536
16777216
-32768
1024
64
16777216
2048
2097152
-4294967296
32768
-67108864
-1024
2048
262144
-8192
-8
1024
-1
1024
-2147483648
-4194304
65536
-4294967296
-4194304
128
-64
4294967296
-4096
65536
-64
-8
1073741824
-4294967296
-2097152
8192
64
1073741824
67108864
1024
-256
1024
-8192
-1073741824
-65536
-2
32768
8192
16777216
-64
-256
2097152
-262144
-1024
8388608
-4096
16384
-32768
-8192
16777216
4
8192
-2147483648
4096
-2147483648
-2097152
1048576
-64
-2048
536870912
67108864
-512
134217728
-2097152
-4096
-16384
1048576
-8
-67108864
