16384
-32
-65536
8
-2048
-2
-8388608
33554432
-8388608
131072
2048
-64
-16384
-131072
-4294967296
-131072
128
-16
-524288
32
-4294967296
-8388608
-536870912
-2048
-33554432
131072
32
-524288
-1
134217728
32
-1073741824
1
-32
8192
-1073741824
1073741824
2097152
-268435456
65536
-1073741824
-32768
-4096
8192
-2048
-16
4
-131072
16
-8192
2048
-1073741824
8
-8192
2097152
65536
1048576
268435456
-4096
8388608
-4
1
16
-2048
-33554432
-536870912
256
2097152
4194304
-4294967296
4096
131072
-2
-65536
2
2147483648
-1048576
1073741824
16
-4194304
-1024
1
-4294967296
131072
262144
4194304
268435456
-134217728
268435456
-1048576
8388608
524288
4096
1073741824
-131072
-4096
-256
4194304
16384
262144
-1073741824
4194304
-32768
-524288
65536
8
16
128
262144
8388608
134217728
-134217728
32768
-8388608
-2048
16
-2097152
536870912
-32768
262144
16
-4
-2048
-8192
1048576
-2
-67108864
134217728
16777216
-16
-16384
-4096
268435456
4
1
256
-67108864
16
-1073741824
-1073741824
131072
-2147483648
-536870912
8388608
-2
-256
-4194304
32768
4096
4096
64
-2147483648
-536870912
4
16777216
-65536
-2
4096
-2048
32768
-1024
512
-32768
16777216
-4096
-8192
-128
-4194304
65536
-4
2147483648
-4096
-1024
-8192
268435456
1048576
-16
-64
16777216
16384
33554432
-128
1024
-1048576
-4096
-4096
1073741824
128
8388608
33554432
8388608
-16384
4294967296
-1
-128
32
-134217728
1048576
8388608
-8
-32768
-2147483648
-67108864
-65536
-8192
2097152
-1048576
67108864
2097152
-536870912
-524288
16
-8
4
67108864
268435456
8388608
-16384
8388608
-256
2048
-16384
536870912
-268435456
-67108864
2048
-67108864
512
131072
32
8192
-4
-131072
-1024
-65536
-4194304
4194304
2048
67108864
16777216
1073741824
-131072
-33554432
33554432
65536
32768
-2048
8192
-8192
-4
-65536
-262144
-1
2
-536870912
134217728
-2048
-1073741824
4294967296
256
262144
-8
2048
-512
4096
2
1024
-33554432
1024
2
2
-4096
-1073741824
-2048
268435456
4096
131072
32
1073741824
-32768
262144
1048576
134217728
-536870912
262144
4
-4096
16
-33554432
-32
262144
-268435456
-512
-1048576
131072
131072
-4294967296
-4
2097152
67108864
-4096
-131072
-16777216
131072
16777216
4
-16
-2097152
-16384
32
256
4096
-2
32
-536870912
-268435456
65536
2
16777216
-16384
-2048
4294967296
262144
-8
1048576
-131072
4294967296
536870912
-2147483648
32
64
8
1048576
134217728
-16777216
32768
-8
-512
-8192
-8192
-16
-536870912
-268435456
-8388608
1048576
-268435456
-65536
8
-16
-536870912
8388608
-4294967296
-524288
-16384
1048576
-4294967296
2048
-2097152
536870912
-256
-256
512
-8192
-4096
2
512
-2097152
262144
-2048
32768
134217728
-32768
-2
16777216
512
1073741824
-2048
-134217728
64
268435456
-1
67108864
-8192
-67108864
-16
262144
-2147483648
536870912
16777216
131072
1024
4096
-1
1073741824
-16
-64
1048576
-524288
1048576
-2048
2048
16777216
64
1024
256
8192
-268435456
64
-262144
-16
-32
-16
33554432
-33554432
-33554432
16
-16384
2048
-16
32768
512
4096
2048
1073741824
4
-268435456
-524288
-4
-1
-16
32768
-16384
2097152
134217728
16
-2147483648
-8388608
-16
4
-128
-1073741824
-67108864
32768
134217728
512
-16777216
-1073741824
64
-8192
-262144
-67108864
1024
16384
4096
1048576
8
524288
2097152
16777216
8
2
-131072
1048576
1048576
4194304
1073741824
256
-2048
33554432
-8192
-536870912
536870912
8
16777216
-16777216
-4294967296
-32
524288
-67108864
-16
262144
2048
4294967296
-64
-67108864
8388608
4096
-4194304
-32768
2
-524288
4294967296
-536870912
-1048576
67108864
8388608
65536
-64
-16
32
-262144
256
65536
524288
-262144
65536
-4294967296
-4096
131072
131072
524288
-16
-32
-4294967296
16
-268435456
262144
4294967296
524288
1073741824
262144
2
-256
-4294967296
16777216
65536
-1024
-262144
8192
16777216
-131072
262144
-4194304
-262144
-67108864
-536870912
134217728
-32
-536870912
1
-256
4
4
-32768
16777216
-8
-4194304
-8388608
8388608
-33554432
16384
16384
-536870912
-536870912
32
256
-16384
-2
-64
1024
8388608
4294967296
-1024
-2147483648
-32768
-32768
-2
268435456
-16777216
4
-16777216
-2147483648
-134217728
-33554432
-33554432
-2
-67108864
-67108864
-32768
536870912
8
65536
33554432
-65536
8
-4096
64
-2147483648
512
1073741824
8192
16
-8388608
8
131072
-4194304
-128
-131072
32768
524288
4294967296
-2147483648
256
536870912
1
2147483648
-512
2147483648
-2
-2
-262144
8
134217728
2097152
-8388608
128
8
65536
-65536
-536870912
4294967296
524288
-32
2
-4294967296
-16777216
4294967296
-262144
67108864
-4294967296
1024
-65536
-16
1048576
-2048
-2048
4294967296
-4294967296
2048
524288
-268435456
134217728
-134217728
4294967296
32
4
-2097152
32
-8192
16
524288
-2147483648
134217728
33554432
-4194304
16
-4
2097152
2
-1048576
2097152
-64
8388608
65536
8
-16
2048
65536
-8388608
65536
-4294967296
32768
1024
-256
-16384
268435456
4096
-4194304
-64
4294967296
-2048
2048
-32
32768
-1
-33554432
128
2048
-32768
-1073741824
-67108864
1024
262144
33554432
1073741824
-1024
-64
512
-32
-268435456
1048576
524288
262144
-131072
-131072
131072
-1048576
-2097152
-33554432
-536870912
4294967296
262144
1024
-1048576
-262144
-16777216
-268435456
1
16
32
1
32768
-33554432
2
4096
-4294967296
1
-64
1048576
-2
1073741824
16384
1048576
65536
2097152
33554432
-2048
-134217728
-262144
4
-16
4
-2048
32768
-16
512
4096
32768
268435456
16384
64
-512
-536870912
-16777216
134217728
-4
-268435456
1024
-1048576
67108864
-262144
-256
65536
2048
2097152
-1024
-1073741824
-16
536870912
134217728
-2147483648
-2048
-64
-32
-1073741824
-1024
1048576
16
65536
-134217728
-8388608
16
-524288
1048576
-16777216
-268435456
65536
2
64
-262144
134217728
-4096
-1073741824
4096
2097152
4194304
-1
-512
33554432
134217728
16
-524288
-128
67108864
-131072
-1048576
-32768
16
-1024
-1024
-1048576
-65536
4294967296
524288
33554432
-1
2
-65536
-1
536870912
-262144
-128
-2147483648
-2048
-2048
-16384
16777216
-67108864
2147483648
64
-4294967296
256
-4294967296
-134217728
536870912
-512
8
4096
-65536
-8388608
-256
-2147483648
-64
-32
-4294967296
16777216
-67108864
-2147483648
65536
4294967296
4
-4096
-4294967296
256
-1024
1073741824
-33554432
-16777216
-134217728
-4294967296
134217728
4096
-67108864
67108864
-131072
134217728
-536870912
-32768
256
33554432
8
524288
-64
4194304
33554432
256
262144
2097152
1048576
-67108864
-32768
-524288
536870912
8
1048576
-268435456
134217728
-1048576
-1048576
8192
-268435456
-65536
-4294967296
-16777216
-2097152
8388608
16777216
8
-32768
-65536
8
-2048
65536
8192
-32
262144
-4096
2097152
32
-2
-8192
-1073741824
32
-8192
-33554432
-64
-1048576
128
2
1048576
1073741824
1024
-33554432
-262144
-2147483648
-256
32768
-64
-33554432
-4194304
268435456
134217728
2048
64
-4194304
536870912
1024
-16384
1048576
-16
-134217728
4194304
-268435456
-2
-1
-262144
-32
32
-2048
1
-536870912
-65536
2097152
-16384
-16384
1073741824
128
16384
8388608
-32768
32
131072
1024
-32
2147483648
4
4194304
1
268435456
-67108864
-1048576
-2
-8
-2048
512
16384
2048
512
262144
8192
-2147483648
-8
-16384
4096
-4096
-536870912
4096
-16
-32
1
8192
67108864
-524288
-32
-262144
268435456
2
-8
256
-8192
