3.4533722955426537e-08 -2.3534317216491640e-01
-6.7830720810741639e-09 -4.2610331390271573e+09
-1.3683486031819377e-06 2.3922503292878350e+01
-4.9781110528090206e+05 -4.9276351453776375e+00
-8.8797271946134152e-07 8.9187280393703768e-10
-1.7353558374106875e-05 1.8963400750059485e-05
-6.2302005054379181e-03 -2.1193234234866290e+05
5.7495761653034970e+02 6.4137146339587618e-10
-2.0471623546151445e+09 -4.3189043595140984e+10
5.1033725100897505e-09 9.8103268052090285e+05
2.2194405589693524e-02 -4.9129253710450344e-01
-6.4328249303594577e-08 -1.1245646925683645e-07
3.8585422267595904e-06 7.2127661612678668e+00
-6.4522984745332213e-01 -6.6288686237252568e-03
4.9609367701543718e-05 5.7858565847741196e-03
7.1765486519246389e-03 1.3607734584171932e-09
6.3086304543787142e+00 8.0007343227724662e-06
2.1525897615667647e+06 3.1539344969024736e-08
-2.6180082507070500e+07 -5.1614720211210810e-05
2.1150720439948203e-04 -4.0371931391880732e-04
-2.7486947739050735e-05 4.4103759702828896e+01
6.8683840267264915e+08 7.0376147345241364e-10
4.5499459341805481e-10 1.5858369327963188e+08
7.2393718550043860e-04 9.6903399224117906e-09
-7.3961290678737530e-03 -4.3255519442938454e+05
-5.2810674374592800e+03 6.8018471982060790e-06
5.9388647957544312e+07 8.0543328349985451e+07
-4.9986134495511735e+06 -5.0113555314760837e+04
7.0405701298192218e+06 9.1567536989930906e-07
-1.0995520502145277e+02 -3.9289945375782155e+07
-7.6003659829351535e-07 -3.0906135463010152e-05
-7.8978229306455902e+10 2.5779473061598826e+07
-9.1119414291814959e+08 3.8683750210181586e+07
-9.6058982470691411e-07 -2.4423352718200251e+08
-5.1892035288958421e-08 -9.3126718250929844e+03
4.0523690515531749e+07 3.8298631592829189e+01
-6.6030471302156327e+06 1.4155670015496855e-10
1.1147307628358467e+02 8.2606060040408752e+10
3.2722408603700119e-08 4.7229704592415154e-03
4.3826945193878796e-10 -1.8531530271881228e-04
-4.7257358572896336e-10 8.5365326977275747e-05
1.8368021225906957e+07 -9.6061858258228720e+04
5.8928455873572983e+07 5.3747084605323081e-01
9.7714282241825098e-04 1.1599585862825517e-10
1.7226208030445054e+07 -2.1013245856847817e-05
-6.8531361338692394e+00 -3.2982127253133443e-05
-9.4165503060269489e+09 -2.5147602262886841e+00
-4.0717252316955757e+10 -1.7179019737160485e+06
2.4158382652753222e+08 -6.6516339161743922e+05
-8.9857229365017023e+06 3.7554501891957523e+04
-7.2729499072434891e+01 -9.1244053939315959e-07
9.9839966721767048e-01 8.1114837599590025e+09
-1.0626037684100793e-06 -8.7907375941077270e-05
-2.4519974740126144e+05 3.2003597517044094e+04
-3.1616277035462145e-02 4.7973766268823596e-02
-8.9707257473157555e+07 -8.0795423793873377e+09
-6.8970876856623974e+05 -4.1395666913274105e+05
7.4200638333882796e+02 5.2984534817112451e-05
2.4791916056500192e-09 2.9057484282103164e+03
-9.3205537579137999e-04 -4.4197113971972471e+08
3.5960635074210100e+07 -1.7407216926727066e+10
-7.6704813525067939e-01 -2.3794346548920051e-01
7.2565803405158848e+07 -9.3937434368479328e-04
4.3950802749142167e-08 -8.9800266631709531e-08
2.4675060516547928e-01 4.2331591455896944e-07
-2.6277997230364518e-08 -5.8298066143594369e-05
4.3924561413888690e-09 9.5003020553665328e+02
-7.6085913724772317e-08 4.9434308653259759e+03
-4.8410170291431189e-03 4.5757389934572783e-02
5.6172384472056988e-03 8.3043210024169277e-03
8.7491605826517403e+07 1.8972017274095260e-01
3.2037893337664552e-04 -8.6940978318402406e-04
-7.1623450333775606e-09 1.3930472904826667e+02
-1.7904468999629507e-02 2.0064495656977987e-08
-9.6133839855512397e-04 -7.0338192385448761e-08
1.5945811128394890e-04 8.3236425384323014e-03
7.5745790233252467e-08 -1.7357597814425359e-04
-5.8978075996495804e+10 9.7632135036287000e+03
-4.4973637020971520e-08 -9.0539570590197436e-03
-7.5573059350644755e+01 -6.6776738023733781e-07
-5.0288489344917234e-03 4.1836600291625768e+02
-8.5212732530961599e+09 2.6885699288066921e-09
-5.3430830186845682e-04 -2.6683821834475408e+09
7.3564777525252327e+02 -8.4849746914189765e+00
8.5201986044115826e-07 -8.6987698851178284e+09
-9.0766081157941565e+07 -1.7462046734516520e-06
-4.9827400366920693e+02 2.6365127064633489e+07
-8.3101362969215310e-10 -9.2471101053198590e-01
-9.7824856246769831e+07 8.6282287533139122e+08
3.7001274588976189e+03 4.3719755853641561e+02
8.1392463944552492e+02 4.0855372013445868e+00
1.2183110099116106e-02 -2.2075342115270672e+10
6.8825729259859130e+04 5.1264157461009000e-02
-6.4455500970322186e-03 2.4924541336486027e+08
7.9131833012240925e+09 -9.3558163490323792e+10
-7.4831960153790187e-06 8.3921471521609408e+02
8.9424262399626605e+04 9.3566989808909409e+10
-7.6111856354825366e+08 1.5651097911420351e+10
-5.2454530982404822e+03 -7.5834008267418779e-05
-3.4300969244059414e+05 -4.1804836607926097e+09
4.1666919403357367e-10 1.6705774089351868e-09
6.4063283755555229e-04 7.9951357732460999e+10
6.8854405401594276e+06 1.8602594316727822e-05
3.2169194601450049e-04 3.2199885092275848e+10
-8.2098593713612900e-01 -4.7412177807925276e-01
5.1392577830960935e-09 -3.6908560321631828e-01
-4.5197100442476928e-05 8.2314540790760465e-05
-6.6007007648150036e+06 -8.6698889886820577e-10
3.8015077845029560e-04 -4.5469186677241576e+08
1.0756891097512464e+03 9.8617389852625320e+10
-6.1997569961027752e-04 -3.2650561246769981e-04
-4.7319573230494794e-02 7.8063284884532345e-07
8.1384151247626198e+06 -1.8057773554673881e+02
-3.4560095788318785e+02 9.4699688440846739e+00
-3.6501250773220404e-10 7.6822373748102109e+04
-8.4556865715773068e+06 -1.4977625876237308e-01
3.5871870795708412e+02 3.5718255878967483e+05
8.6356126422037774e-06 -4.5646600536656052e+00
2.6817674729729834e-06 5.4608832097353461e+03
-5.8514031739534330e+04 8.6420263050041058e+01
-8.0568461976864771e+00 7.5115940606110003e-09
9.7314974536673524e-02 -2.0316008031110972e+07
-2.8851512543187928e+09 3.9053259219417757e+00
7.6422665588812336e+07 7.1896588559460199e+08
-7.8684351445893784e+09 8.0707644820165500e-02
8.2436411285580854e-09 -9.3959038522224110e+06
9.5764312975949384e+00 -2.4874673500002141e-09
-3.9790924322831609e-07 1.3103687061459709e+05
-4.3208384969402687e+10 -8.5668048135453544e+05
6.9371603019024050e+08 3.0413178512485730e-08
5.3490340424400273e-01 9.7369129207609539e+09
4.7358781537462006e+10 -2.1566497715938568e-01
-1.1741343539350990e+02 -8.5252305575773699e-08
-3.2743799695908760e-01 -3.1745982428318616e-06
9.9622257605996383e+03 -3.7002612064998131e+05
-6.3907090895363983e-01 -8.9564423628938750e-01
-5.8298715601783653e+05 -7.2458573679293108e+09
-8.6255328419145849e-01 2.2417231904057089e-01
2.8292568248411305e+00 4.8959724598174414e+05
2.2639897698737901e+08 3.8319523774890743e-09
-9.4270302724626701e-08 -1.1421630898958273e-04
-5.9517725797136742e+10 7.7778882211841903e+01
5.1658100859677482e-09 -6.9465538123598561e-09
-5.5425816669380256e+03 4.2738347137463357e+00
-6.8667728314880235e+05 1.0681715974552351e+04
-3.3023754151206763e-01 6.2886639711646785e+03
-1.7949333195727376e-04 -2.2792223691736266e+05
-2.4107605326775056e-02 -9.3850896190820498e-10
-8.8146554559950891e-09 -1.1218101680618890e+06
-1.0132378492369771e+01 2.5171665576794257e-08
1.8544842901816862e-08 3.5847719916381624e+02
-6.6498576686683251e+00 7.3965824436054099e+08
-5.4541915341180977e-09 -7.8651211831210502e-10
9.3949938648572132e+07 -1.9695162901529890e+00
-8.1581065339731917e-02 -3.3399723677057392e-03
9.9717593403000522e+08 -4.4903358691364052e+06
9.0198656139174549e+04 3.7352603392592532e-07
-4.2106403245605502e-03 -5.3589561001922941e-09
-4.3448134178349239e-06 6.5292837491394913e+08
-9.7115743162167621e+08 -4.4147076159278430e+07
6.3207493617865119e+01 -2.0864928841648169e-10
-3.7788057558450947e+05 2.6177506918565275e-07
6.7878138429059074e+10 1.1435984990812571e+08
5.1576604689691830e+09 -7.0748306385710418e+07
9.9943092007370908e+06 8.1970222586455645e+02
3.5525435123458761e+08 3.8630145222959195e-01
-7.9414949935745070e+04 5.4102817696724422e+06
9.9740775619221686e-08 8.5093985360371949e-04
8.4174484139016459e-02 3.9229447202676868e+08
-5.7306729866160561e+02 -5.8174490691814795e+09
-5.2591038612347337e-07 -7.3020560654615982e+10
7.4780144776630714e+03 4.3163594042293606e+06
2.7846049255095240e-04 1.3274987352833199e+02
-3.2711791250027516e-03 7.7953405543452588e-07
-5.4479661816204258e-09 5.8513410859651038e-10
9.4878099748520935e-05 -4.2311962058406997e+09
-8.5797387991336454e+03 -2.2704036665274287e+05
-4.0499624533744611e-03 3.8698283513822225e-10
3.3559565859900409e+08 -1.6081646389422897e+05
-2.1202028203241116e+03 4.8915265628702749e+04
-3.7799798788191096e+04 9.2403540745547977e-02
-5.7914517990620579e-09 -8.7545389476350415e+06
-1.3536944029487965e+10 -8.2684974216201776e-06
5.5215533935458634e-09 -9.6486717779143055e-02
-3.0696254169323170e+08 4.4004970344421234e+09
-3.1587626168225085e-10 -9.4013133288790143e+08
9.5562728852194995e-02 2.2990745342131695e+10
6.9822225821067509e-07 1.6226167908839632e-02
1.2653961138815602e-08 1.1346487011562303e+02
-8.0995699646720391e+02 8.1428455841585751e+09
-9.5947172224114746e+07 -5.8280767140229074e+06
-8.3581543907094692e+03 4.8686580169396286e+10
-7.9046962958147163e+09 -2.0066841480971796e+01
-3.2280368200521349e+02 7.8055681774505281e-02
-7.1640784261323005e+07 1.4122759369821058e-04
3.3122081948869961e+10 -2.1158750127340409e-01
-9.0451028735870903e+05 -9.5042759695946038e-08
7.9395856764699034e-03 6.1629101682579021e+03
2.4348787339080626e-07 -4.3393892594636363e-05
-5.1534693607517312e-01 -2.7969827456255178e-09
8.8993405270668596e+05 5.7264811593411152e-02
-2.5191909244912661e-04 -6.5235892830244884e+03
-8.9994464167589543e-04 4.4625428531394821e-06
8.5414305428212523e+07 2.1362753525274470e+06
-1.4866700406174641e+02 3.1490687948321977e+01
6.7697129778504628e+05 8.2461484330820313e+03
4.0797773693816118e-03 5.2995528429299525e-09
9.3961194929384817e-01 8.7352121256153335e-06
6.8935243365755768e+10 -1.4282166510340031e-04
4.1373965430053410e-04 6.6436422814993347e+10
1.3848920624215341e-01 -3.9033212388018157e-02
-9.9793602190750535e+03 7.8592133046144722e-02
-5.8387048750155745e-08 -1.4902066000816813e-04
1.6657815996046748e-02 2.2429331330893490e+10
-2.1753097866119101e-09 7.1320177076379975e-07
7.0654703896706739e-01 -6.0618076628477980e-06
-8.0799033688926622e+06 6.0678156904357844e-05
-2.7202832955235729e+09 5.0165530485321152e-04
-9.9293228855378344e+05 -4.5002259977859867e-03
7.0447583607308850e+07 -1.4813414002841396e+03
2.3636971623562323e+02 8.1845137682618763e-01
-3.4241528824779865e-01 1.9645649620147702e+04
3.5996512795552593e+08 6.2612697708851376e+09
5.2081485902246693e-10 -5.3054294948429416e+05
7.8096004867920688e-01 -4.5281158712648033e+02
-2.9870979177335063e-10 4.8040744418424169e+04
6.9175077336342259e-07 2.7956187710180016e+09
-8.1254839069832552e-03 6.0939754693623099e-09
6.0533003148213235e-05 3.1921670297612926e-07
6.2310397506074901e-03 -7.3905619790673595e-05
-5.3062797819225555e+06 9.2361532608786053e-06
-9.3093242106408725e+03 -3.3024438396330203e+02
3.0373946915673318e+03 3.7025879524420452e+03
-7.9462010547717631e+08 -4.3947109978666803e-05
7.2348330725741835e+04 3.3547300118616024e+10
7.5292251839183534e-10 4.6016893784192946e-06
-8.0826549108585368e+01 6.1100290873065729e+04
-1.5960434595238664e-06 6.8347786237702667e+02
2.5983777527754052e-03 9.6301039000759796e+10
-9.4420215835939042e-03 5.5033820383219748e+01
-1.8180830750129552e+01 3.0513501383059281e+06
-6.9301876277473763e+07 1.6326315123074312e-02
-8.8700914558927701e-08 3.2742050986143851e+09
-2.4627087651019744e-10 9.7459790920640342e+04
7.1946955773530972e+03 1.2120689493684238e+08
-4.0510064678218872e+10 3.2806970391313321e+01
5.5020928227473862e+07 3.1364064231374889e-07
7.8949906610000976e-09 9.6781139825493852e+01
5.7522129763554618e+07 7.3725940309081792e-02
7.8331536307341173e-07 -3.7999483307728609e+04
9.1831419231841316e-01 8.1344158584800380e+02
-1.0858257376579364e-01 8.3102375730327582e-02
-1.0848851692926086e-01 -1.5858818059731654e-02
-2.1614006113775204e+03 -8.3311278390963253e+02
-9.8940085577677441e+09 5.0465739765739483e+08
-6.7075101236148730e-09 2.9012650333372247e-05
1.7749304206398328e-05 4.8148296603610918e-01
-9.6220116106392870e+03 8.3397546608134055e-09
6.0526823051174323e-05 2.4053237011879310e+05
-2.9740863260368653e+07 9.4619288919055414e+08
4.9407187658310525e-05 -1.5775779969387880e+05
-8.1241970408483084e+01 -7.6259709406293567e-08
4.2295627752514112e+08 6.8465528760483093e+10
-4.1289346064056635e+03 7.6791305422537353e-10
5.4629330378898059e-08 -8.1902409841820261e-05
6.4534614890771971e+09 9.3918636430224195e+07
-9.8421533312960697e-09 1.6979000157158683e+02
-3.0843529605838992e-03 8.8092590085523808e+05
-3.4231868333641534e-05 6.3358236642863775e-09
3.4560224993293732e+10 -4.0717330290022986e-06
-9.4894675242127339e-06 -6.9470257813834808e+10
1.3705862379964082e-02 -6.6145404015809021e+04
4.6940422936164699e+07 -1.2794681727479538e-04
-8.4686709664287388e-08 -1.9796723720661555e+00
1.4779431953312922e+04 4.4124868541748719e-10
-1.5045234686775152e+07 -3.1378699363076734e-01
-4.7064212458802322e+04 -9.9611099702375711e+01
7.8135450088688515e+02 9.7139189254423606e+00
7.7644025531396345e-09 2.2443411925556606e-03
-1.8321142826691751e-03 3.6348977335842702e-10
-5.8499124633845415e-08 1.0416536844275450e+04
-1.7297505516369167e+03 1.8099700163976099e-04
-2.4807150472695857e-09 8.4739612938052721e+02
2.3816807414332316e+03 -2.7311705973549232e-10
2.9059117787233311e-09 -8.6748805653384687e-06
7.6756125287400466e-03 -3.4030923637783486e+08
-7.0428483971267490e-03 2.6542787932517511e+08
9.0344808498261598e+04 -7.5256935757619520e-02
3.6445875431764718e-01 -1.1750895116519780e-10
-6.4537071052717829e+09 5.1894279630416179e+01
7.8436240738358559e-02 3.8671107513039710e-07
9.8142253122990036e+10 6.1572477966174224e-02
3.4976601812440997e-03 -3.9817740814651588e+04
4.1172610447882363e+00 -6.6704499626896291e-10
2.2836835517167138e+01 -9.1385975680439998e+01
-8.8348195539176639e+04 6.7656531296626081e+09
3.2689542257904958e-03 -5.8747335136658864e-09
-6.4655220060233793e+09 1.1907151139990965e+10
-8.7454738185431357e+04 -7.4250235020386724e+04
3.8655391865104531e+02 -4.5094761397172577e-04
-4.0664821337020174e-05 4.6038518137591796e+04
3.6168122879417092e-02 -3.8693991880552794e+00
-7.5713161236635117e-08 3.8908266531816998e+03
-5.7405835487900733e+05 8.3135888529448811e-05
-8.0458383074609435e+05 -7.7922295820816346e-05
-1.5483186323832984e-09 -3.9704163871317557e+00
-4.1134521194595576e-08 -2.5879688701450555e-02
7.0676327994553652e+05 5.9015417743859661e+05
-4.8792660969443037e+05 -6.3680566915206185e+01
-2.1863925285563180e+06 -4.0629054725306497e+02
-4.2485213743218023e+08 -4.6746761055505728e-09
-1.2335178045798743e+06 -6.4668569951555423e+02
4.7129252874613547e-04 -3.6393659067645113e-05
-3.6123371685159082e-07 7.0346410713647528e-02
-8.2279605215312475e+06 -1.7874238408494742e-10
-2.0409249958617121e+06 -9.7102013711395189e+06
-8.2031704170717656e+00 8.6535345189461756e-04
2.1134540406671516e+06 -1.0701576247089821e-07
5.9445977038585559e-05 -7.5149378224294693e-03
7.8811122546719030e-05 -1.9686330524411707e+04
4.8772206275495137e+01 -7.2341694589141763e-09
4.4428875397997450e+04 3.4597434001704933e-08
-6.1365867992013412e+10 3.2313510519806821e+07
8.1471535690836693e-10 4.0269675813231534e+03
2.3481898404781110e-10 1.1304491578883820e-10
8.7628646292590950e-10 -8.6385844333180762e+05
-8.2977244128228095e+05 -5.0216861456170924e-04
-5.2462913905627720e+03 5.6194788413095269e+00
2.3298794096477344e+00 -4.4976349863813725e+09
4.5536821326456079e-08 8.3175364820317052e-02
8.1835152410198366e+06 4.7941076605215383e+08
9.4783391069852569e+03 3.5598170855133008e-07
6.2461320868640903e-03 3.9408189827391991e-05
6.1408383169414527e-04 -4.5485149250587492e+09
4.4845533339356660e+05 2.3552344415267610e-09
4.9157328581577064e+06 -7.5933991426618287e-10
1.5041959855470867e+05 -8.6366283853150563e+00
-5.4131978128559307e-09 -1.4760749035772026e-10
-7.6974091594341245e-08 -1.8092808372904181e+06
-7.1985145963175101e-01 -5.7226469066170321e+04
6.0726467365482906e+06 5.0132606320203511e-06
5.1704112755972411e-09 3.0633028079629231e-04
-9.0512709406069742e+04 -1.2985313433268571e+04
-4.6766446414744497e-03 -7.9745817582406225e+06
6.7657200342583042e+06 4.4042268184066296e+09
-9.0224875636941627e+07 -4.1431417573739856e+07
-2.7953428884474163e+09 3.4692123753579956e-07
6.9423503534024804e-07 -1.4529066101412509e+07
7.4297298915971051e+03 -8.3891723894314053e-05
3.2753939050816216e+03 9.5803250706326873e-08
-4.8372609679641698e+01 -9.9071797850476435e-06
8.0295905915267160e+05 1.3961181836506550e+09
-1.3938716717016417e-01 -3.2205015232100687e+05
5.8634121405567336e-07 9.9521803439374481e+10
-8.1360636939579716e-03 9.7342281990071773e-10
8.8601268710430413e+07 2.8922789504602036e+09
5.7257535110339720e+05 3.2642410242536873e-09
-6.9222707237552323e-04 -4.3359869090634401e-04
-9.4168170343473423e+08 -2.2050533667579953e-05
8.8610486241388067e+00 -1.3853009923332557e+01
9.7580744383953544e+01 1.1291233317483829e+07
-5.8735987706325111e+10 -1.8823059820517357e-10
-3.2019564314134385e-07 -9.6598584168368435e+09
-7.7371405946413544e-06 9.3005707661928732e-06
-8.0314683656486324e-08 -5.6125770099416980e-02
5.4272765068537274e-09 -7.2108343462695324e+08
-7.3395472591932059e-06 -2.8502967890328091e+04
4.4239188483936538e-10 8.8690584563844383e+07
-7.6136366593898972e-05 -1.3717944585418554e-04
3.2708665022967187e-08 5.9642492388961741e-03
-3.6739722857775318e-08 -3.6195063684490509e+10
-3.0601882495596159e-08 -1.3853324194030514e+10
8.0088484124305402e+05 -9.0477692910788879e+10
1.7818937989256843e+04 -6.7409432979356339e-05
-2.7853398922816443e+09 -9.4554238244489338e+06
2.9123184929366320e-09 -4.7189033998063251e-01
2.3027476376976725e+01 4.2584328488207383e+01
-2.5809607356683868e+04 6.8491305365439383e+06
-2.8437881522806230e-07 1.5596290339845256e-09
1.0650370889396038e-05 5.1827450290045017e+04
8.8160539472684157e-10 1.0878651566361881e+02
-7.1126165208784436e-06 2.1143136989439561e+04
3.6481418368879473e-07 -2.7979111112622520e-02
2.1896830841336404e+02 -4.9506631427032149e-08
-9.6224981070459889e-05 8.6610591483887911e+04
-9.1872664416603699e+07 9.4275994056619205e+09
6.5157482177181554e+05 -6.0032119115982474e-01
7.7029340367864734e+02 -6.0804381235310794e-08
-8.4684925752121548e-06 4.2901899577502895e-10
2.7678622843977847e-06 -1.7009481919789300e+09
1.2135088137397259e+06 -2.5685297834595226e+07
-7.2139462673026673e+05 4.3545100015453774e+08
2.3741574647184130e-01 -7.6619915042091149e+00
-4.9833031807703757e-10 -3.4821723340128615e+07
-3.9273565840843048e+01 4.2630130698631081e+02
5.6366350360699957e+06 -1.3682579878370750e+09
-8.7020737579298206e+00 5.4144772692133017e+02
-2.4584628814348819e-03 -4.9177941834709956e+04
-7.6735705986329269e-04 -3.1351861441186920e+04
4.5023420165965874e+10 3.9324871993201445e+00
-7.6335677784952927e-01 -2.3512828146093134e+03
-8.5926235361625111e+08 5.1195873299001306e+01
7.8596143258204907e+07 5.7931519545726990e-04
6.6949092272425882e-03 -1.8054844126298700e-05
6.1302261660477328e-04 -8.2665565961847144e-10
-4.8749121139346241e-01 7.0889231758797899e+07
-6.9472621175590022e-09 8.0815182336230432e-02
-4.9230872262110806e+09 -8.6222523636370495e-10
2.8650121968908033e-03 -8.3997445332578587e+04
-6.3009924571885476e-07 -2.0475167201094308e-10
7.0268964644887656e+03 -9.8785827474225425e-10
2.7788658520207841e-08 3.8554276206279092e+07
2.5482131518373666e-06 1.6702062560809924e-09
8.2650092599515826e+07 -7.3353364176887951e+01
4.0877930751907211e-09 8.8666525348787928e-09
8.0811664839673236e-04 8.4942512043698015e+09
-8.4078581121095084e+00 7.0203342932026908e+06
7.9341605551137670e+05 9.7299297395786634e+03
9.6210279248427885e-02 -2.4365712323510269e-06
2.0673900794800665e-06 -5.6011293609569187e+09
6.8728012736051743e+10 1.7831847262779561e-04
3.1522872245796497e-06 9.4124389609930102e-04
-6.0991746985268299e-04 -7.9790801424560194e+09
-5.3275810715389496e-07 2.8472457781012397e-07
-1.4538358940419188e+05 -8.9704320003522810e+01
-8.8946091027919664e+01 8.0156654612898883e+00
5.5186004479451580e-04 7.3837006152092880e+06
1.8620035629874948e+08 5.9536542621199161e-03
-6.7528686880459285e+08 -3.0569235872998526e-05
9.0457261792275154e-09 -2.4033036119909548e+03
2.6821817835252304e-01 4.5793326697271689e-10
-1.8057541052677998e-09 5.2579197514876772e-10
4.8821258467480998e-02 -8.9290663129105291e-05
5.6171906261691240e-01 5.0922721984116123e-09
6.6592082888295622e+01 6.1410052176500647e-02
6.9395568933048737e+08 -5.1615827364939084e-10
4.5806011541361177e-08 8.9212812487085957e-01
-8.2112178333254852e+10 -2.3398205433620759e-02
5.7145502579001846e-04 -3.5138697932160737e-03
-9.6622041593662811e+00 -2.9638830474225193e+05
4.2600930652074460e+01 -7.1156874999655151e-01
-6.6926383378340892e-01 -6.3201948605635459e-07
-2.8129510251185728e-04 3.0530835842350660e-04
1.5621497555784169e-09 6.4121706656930917e+04
6.7495634568082169e+07 -8.3701443457077043e+06
-5.5200046751366372e-09 -4.1411386218068929e+05
4.7705247494742428e-10 2.2713184523271982e-02
1.9829792170863399e-02 6.7660183550832668e-04
5.6205931009274066e-07 -5.9874163425665861e-01
9.3572522320234717e+05 3.4749165723925322e+07
9.2797938780583218e+06 1.0747719689131437e+07
-4.8219021659857885e-10 -2.1706004672275107e+04
-9.9836261859425952e+02 9.6033977187143799e+10
-1.8315759891336933e+07 3.6268409392253937e+10
8.8128952218870791e-05 -1.2641824067841929e-06
6.9469820442964292e-08 4.3510782181031527e-01
4.5474151602026997e+09 8.1788594076169082e-10
8.9580295222180910e+04 -2.6343998371099464e-08
-4.7266210671759217e-04 8.7828544786915438e-10
-1.8978806309010777e-05 -8.1967084603880688e-10
7.8819455805476281e+01 -6.8573463659024620e+09
-5.8825469559123233e-01 -6.7433533183968233e-09
-6.7652889576092987e+09 6.0457965716435211e+06
7.9711586099126541e-04 6.9915320822422427e+03
-1.4640647551474313e+06 -3.1770078971300004e-04
3.5099719908969308e+02 -6.3332280326468492e+01
-1.3314163001406571e-03 9.0681573440274030e+07
-5.3722865801698141e+09 4.7931573712359676e-01
2.8175459118879708e+06 8.9661584259513678e+04
-7.4424645286187187e-04 -4.3141868148279900e+05
7.8239226538568411e-10 1.4394143757034286e-04
3.8719781726628892e+07 -9.2071886889635655e+05
6.5593889680257240e-07 7.8704338069804827e-10
-1.4292276950166189e+02 -9.3992781672325417e+07
2.6486427412594784e+10 -5.8590235179750662e+03
7.0546936971499022e-09 -2.2714963152824185e-05
9.0310464741587944e+09 7.0422702656214412e+01
9.0422823054498702e+07 -6.6709397296487953e+02
-3.9152234302923466e+02 -5.8577836108268693e-09
-4.3317296309333371e-05 4.2811889644029818e+05
-2.5360687943239203e+06 1.3094874041719587e-08
9.4217215728259977e-08 6.0506626692017790e+01
-9.8754426519691574e-02 4.0280131317323421e+03
8.9405484536774826e-02 -3.3889392409645283e+05
-5.2884435731559387e+00 -6.5856990350867464e-02
2.0002339452867352e-10 -3.5813882266041051e-09
-6.7284983456689351e+03 3.0756621942944559e+01
8.9456750465320027e+08 -6.0507627204792419e+10
1.3616659846529223e-06 -1.7786192832999857e+03
3.9378515806951828e+07 4.7464491126438552e+04
-6.0172622460525679e+02 2.1021931922265757e-01
8.0201486759762270e+06 4.5226395071090331e-01
-6.2201598716775310e-02 -5.0394726147088885e-03
1.7017966743606581e-07 -5.9248243682245887e-08
-6.9004831509982586e+08 6.6275455654881783e+07
-1.9561121319861093e+08 1.8502184435742561e+00
6.2281506594227497e-06 5.0265185034974202e-09
9.1557429766114765e-02 3.7329502882221668e+01
5.3127572451191394e-10 5.2067850856517154e+01
7.3762482108812209e-09 1.1278155365341562e-03
8.2970221887921340e+01 -9.2108612013921598e-08
-7.5594668148262014e+09 -5.1124758596626289e-02
7.9606992703233163e-07 8.7228406646546342e-04
8.3882730794566495e-04 -6.2426871491530045e-08
1.0299261121702692e+05 -7.8068659767841120e+02
-9.2590832240561485e+09 -2.1984964664927743e+03
9.0758673042888257e-04 -3.6280353169922209e-07
2.7813159609911684e+05 -9.9873436192745725e-06
3.2767135542179344e-09 -5.0245688296244194e+05
-2.9065938091481144e+10 -2.1643339354741876e+05
1.9057373373100651e+02 -5.8963813642353106e+09
-9.7114704709322571e+10 -7.6039663257784778e+03
5.4065966823882806e+08 5.5314832154614814e+07
-5.3390369568121248e+04 4.1694426272699715e+10
-1.4543277049738477e+04 1.0516005982138257e-10
9.3696132823030937e+08 -5.8565602717945271e+05
3.1596353059112233e-05 7.5770616509441801e-07
4.1641903068577335e-01 5.9947045159843448e-01
-2.1713843782715565e+08 1.0380790265201389e+01
-1.6814011109020748e+10 7.7925942955022845e-05
4.8233988704909646e-06 1.5101606125936997e-02
-4.1002424183396460e+02 -7.5246312735430618e+10
-6.6333211749407067e-02 1.4767150300973833e+10
4.7566096334078339e-08 7.0360953557601556e-05
-6.4760516497248495e-03 -4.7838263923175098e-03
8.6728034298719084e-08 -7.7365797188897176e-06
6.3895593561130948e+07 5.8099980952579396e-09
3.6714124638259890e-06 -8.4511144229049500e-07
6.4824059329553144e+06 5.1288186605969938e-07
8.8753300329418535e-09 -1.9705697579659307e-06
-4.6721218882728068e-06 -8.5640678745183077e+09
-4.9447270444306766e-02 -2.6580128028642353e+08
4.8659738733458479e-03 5.1126088492601120e+08
-1.0936702600733790e-04 1.8086682962815938e-09
8.7117156974463462e-04 3.3584068746125450e+10
-5.2932954991734877e-10 -5.2972427766939060e-03
4.4900324971419270e-06 1.7623169158437817e-07
3.3031169430810442e-07 3.9844985980676688e+02
-5.4599263793749077e+10 -9.5643689155497712e-06
2.4852028579700135e+02 -9.5302217335783827e-08
1.6713574583966349e+05 6.7799139789863491e+08
-7.7522703203004598e-02 3.3308527403867643e+01
-9.8940780207334722e-01 -2.2637623088568787e-01
-6.5637849037346822e-03 -5.3408045761935549e-05
-5.5459479159855327e+04 -6.8674164536722468e-09
-8.2122101422607193e+10 -3.3795304703440820e+05
-5.6051239352042145e+01 8.7470667752462780e+08
-1.0928101875362901e-03 7.8888615196461598e-06
1.7029624596756862e-05 -7.3022834253487810e+07
-8.5637330735510557e-10 -3.7447235188506824e+02
-7.9579779829584737e-10 -3.3603896956827684e+00
-3.4547396974232716e-07 6.4549381707465386e+08
7.3409348995078325e+07 -5.2344657842605746e+08
-6.0808896594521427e+09 -9.3741191607963238e+09
-3.4705621540461411e+09 -4.8700372363948929e+10
-2.9057386643106923e+02 -4.1110471698127728e-08
8.8113626078259444e-07 -5.4102350166906657e-09
5.6996863132377572e-04 5.6117726265456051e-05
5.0514776033030084e-01 -4.7744588067001122e+05
-4.9743176910758321e+05 -6.1005577258706211e-05
-8.0636989005879855e+01 5.1272735930255419e+06
-7.2537346016491433e-10 -9.6609458411227504e+05
-2.9620441938143647e+00 -5.9732315084028542e+03
7.5743229440865770e-07 -1.0368155929059936e+08
-4.1777329253086731e+10 -4.0183526595007456e+06
-9.2639413401149417e-01 -5.9633993968408400e-03
-8.7178649458896764e+00 -4.1624676745857716e+09
-8.8029319772941818e+09 -8.9395379759840205e+07
-2.6416584739527261e-05 -2.2797364183549053e+04
-7.0272117183991149e+06 1.2590564860832720e+02
8.1376702567331486e+03 -5.6970855449404709e+10
-2.2291376145291802e-01 -9.2699267908438599e+10
9.1091297529390505e-02 -3.3867242570228624e+05
-3.1920414122452080e+10 2.8027249252113639e-08
5.9225275093977526e+05 -3.9684861208728140e-07
2.9226123865165492e+05 7.8509173839480910e-03
-9.8719184796111789e-02 1.6480467689773666e+07
8.9527435182063222e+00 2.2208112305132843e+10
-7.6213700764493369e+03 -2.4929261881931072e-07
3.1599252192154531e+03 -7.5234596511926614e-06
1.3945741903038509e+09 4.9213629298699467e+04
-4.4171414541687444e+00 -1.3510755087189357e-03
-5.5352177477024174e+08 5.5232508285511643e+07
-1.5630141153092568e+03 7.2790010044229733e-09
6.8681825802364555e-07 3.8417792614209431e-03
5.5393709983937633e-09 -7.7258665127756262e-07
4.3265174846502807e+05 1.5268319233797156e+00
-1.6301197816508587e-10 9.7976237616551507e+08
6.5033512530148286e+01 3.0286341397264141e+03
5.8645951037614086e-07 5.0836264555997116e+10
5.2239852544582856e+08 -8.4688461711479928e-10
8.6045979168632200e-02 4.8322876660295788e-09
3.0415988916035820e+07 -4.3283088316203130e-02
9.8021747898626253e+06 -1.8998764768636483e+04
7.5776469638523939e-08 3.0441124053445266e-05
-8.8981712290734611e+06 -1.2942891288241202e-02
-3.8532138352694218e+06 -7.1635100293264783e+05
-5.0698470234521413e-08 9.2812749255587220e-07
-8.5651427440065836e-06 3.9282587849954105e-09
-2.4754120638405087e+01 -8.5939015041737536e-08
4.7380842031455661e-01 -7.4228917497556345e-05
5.0872162020601175e-01 7.1978929990330336e+00
-4.8277180373805526e-03 8.1701502950314642e-02
7.8534070411354162e-08 -2.3641427106246334e-03
-3.0702976410884988e+06 6.2617287141445747e-08
-3.9152906788926408e+01 7.7823939456763770e+06
1.2169311137213863e-03 2.9533420427000012e+09
-8.6058537186366699e+10 1.7844350875711854e+02
4.5495130278471634e+06 -9.6044852639724803e+05
2.3336329455127897e-02 -9.3170817606564611e+04
-5.7738697417344127e+01 7.7215746250447522e-03
1.9296858025772024e-05 -8.6386333827385650e-04
6.9796799198669055e+06 9.4957294419489695e-08
-9.8795364413484223e+06 -3.6342918017888092e+10
-7.0448929151281300e+09 -2.1416948209891542e+00
-8.4250612965194698e+00 -1.8605250232557653e+03
9.2208256023624404e-09 3.5893598597513318e+01
-3.0634010353058769e-02 1.8342245610052830e+10
-4.8072954209155396e+03 9.1289842009687885e-06
5.9037501286681288e-10 6.3756147950668390e-02
3.6994357583727316e-05 -2.7623632041685341e+04
-5.2680365582248641e-09 -9.8698789736278677e+08
7.0720556864937878e+00 8.3132615801096368e-07
2.5520188789384842e+09 6.8895029098591280e-04
7.7495832199615312e-10 -9.5466359318057567e-02
-3.2352936910821719e-09 -6.0578746951999062e+02
6.9612020793357047e+01 -6.9630301965881813e+01
9.2415998453103665e-02 8.2700245025328917e-09
6.1551052842893273e+07 -1.4027471022139784e+02
-1.6972578989769209e-08 8.4147595470108878e+04
-9.2614052142416430e+05 4.3519107496997798e+00
9.5784705914223785e+09 -3.8585458008642668e+01
9.3962369150844988e-10 6.4511114601300784e-06
-5.7829502517451328e+04 3.2939766996507925e+08
-6.1305367472846497e+10 -1.3016460856376495e-02
7.2576623338351356e-10 5.1072069393649645e+02
7.1056051060837135e+07 4.7951955061875800e-07
9.9404560000621400e-07 5.9851579132400379e+06
9.6855962268707380e-04 8.6120277430513681e-01
9.5297854684859695e-01 8.6504548657543284e-02
-1.5578053292973318e+10 4.2001736452233431e-04
1.5591255900352814e+02 -8.4294697033682908e+01
8.7969394250070959e+07 2.0941133571168507e-03
9.8712881929017040e+03 -6.5764334530346237e+10
3.9718721052331584e+03 3.0963274428097579e+03
-9.0668943993879081e-01 -9.6699668777573644e+05
-6.3146141836528770e+01 -5.8016273640392670e+10
-8.7127740045424289e+04 -6.1355471845975326e+03
-3.9074122750997208e+06 -1.3472798916207802e+10
-6.3609780702622121e-01 2.7099325083442805e-01
7.9837128548509238e-09 9.9107351139082138e-06
2.2459910492261592e+00 3.6808199021728161e-01
1.8979335732567299e+02 -1.2560020522776950e-06
-6.7096307757632312e-01 4.6449404282753335e-07
-9.1703092274637961e+08 -5.4280636008199441e-02
7.0219625490252767e+06 -7.7385350113505914e-04
6.8694550030419216e-10 2.7340715388205866e-10
3.7341608605004549e+03 -4.5266841361869192e-01
-9.4229080521502596e+01 2.0834548426423436e+02
3.1050600688833276e+02 -7.8560526248688162e-10
8.5680737030308833e+01 -7.7232368432579458e+07
-9.2556001987622134e+04 9.9406670482229148e-02
-9.8024487519162964e-06 3.9263855118112480e-07
2.2295195008699632e-03 2.8429350890893442e+04
8.1489692168578642e-10 -2.5301352559040311e+04
2.8791714891415578e+05 -6.1784585137432462e+00
7.2024072916307901e-04 -5.8803497838165755e-06
-3.6360779677299121e+01 5.4052009677156992e+06
-9.9871138529450114e-10 6.7380595020307302e+08
7.6259826315289722e-03 1.2899798572144730e+10
8.6567344935899296e+09 -3.9122599068011625e-02
8.0106491402334665e-08 1.5267976759115113e-08
1.9929512923493437e-08 4.0347482199064862e-07
8.2142524790801497e+02 -7.8417151024917489e-02
7.1185099037515185e-05 3.3670501594990063e+10
2.5352531600357948e+10 -4.4121662838496304e+09
-1.3335272443631282e+09 -1.4512794814905204e-05
8.7083998442599342e-09 -5.2400184482001642e-04
4.9071820141833894e+02 -1.3227465552105873e+06
1.0479277002308721e-09 1.1530037748147280e-08
5.0735379615942325e-10 -8.8439248608902931e+09
3.5997360729241486e-03 -8.6745935864885859e+06
5.3070460907307609e+02 -8.5235536982941452e+10
6.8092161794071359e-04 -4.3971020421249423e+03
1.4995203285822226e+07 -4.9189487493189625e+07
1.9962256335389271e+07 9.6254841814582149e-03
-7.3300151288838069e-08 -8.4252646597988351e+03
6.7357300359523735e-10 2.8643098782820148e-01
5.3245308450754203e+02 -1.5631971136223558e+08
2.1013621291534418e-05 7.5929051773935688e+08
6.4881219885548302e-01 1.7792574511422995e-09
9.8469267145948655e-05 9.1731163490954785e-03
3.3558878830316105e+04 -3.1613187081411987e-03
-2.2001344144557575e+06 9.3030713999017031e-09
-2.3745245284184155e+09 3.2970166215802222e+06
9.8113246606208399e+07 -7.6320710944131296e-07
-7.9650397868293239e+03 -4.3096460645366285e+01
6.8331702138725245e-04 -8.8930582180694610e+07
-6.5154138900443725e+06 -2.3542678827493982e+06
6.4005415160944035e-01 -7.4489081270797143e-09
-4.8330014144132570e-10 -9.8410688962195461e+04
-4.5561632956177540e-08 7.6033646101417571e+07
6.1323091124953837e-04 1.3155182546020225e+08
7.8496215258129376e-08 -6.6266595763293367e-04
9.0148054807130890e+10 1.5385241248493281e-10
-7.6288594411126347e-07 -2.5449287665999999e-02
-7.9780449814260779e-01 5.2378280599079444e+03
-9.9336743252109239e-01 5.0703624559493326e+07
-4.5954053093086281e+02 2.1104386418114540e-10
-7.2886748045493858e+06 -4.2222500777805173e-04
-2.9354380735399762e+04 8.8413437338756048e+03
-8.0459744984311183e+04 -8.1618342931276104e+01
-7.7161237893665880e+07 5.0814470615583059e+02
5.8572022163938726e-09 -5.8591795383723784e+03
-8.9096353023262155e-05 7.5071072317798950e+10
-1.7332677910869759e+04 -5.1427305534797382e+09
-5.4569561919805626e+10 1.9572724433253752e+04
7.1733264259344967e-10 -6.1610835900432134e-02
-1.3210856313078100e+01 -4.5171134105070170e-02
-9.8804712568304863e+09 -5.1789241640204477e+02
-3.6673957846855265e+08 -4.8660214229610312e+02
8.0691025845979169e+01 4.7112274233612755e-10
-4.6779583103871911e-02 6.6780818513223972e-01
4.0892979672269769e-03 5.8734022236958494e+09
1.7152366790924837e-05 9.6820349387793351e+04
-7.9313325352279586e+05 -6.6985554680087123e-01
-9.4329175689558384e-02 9.6469194668601776e+04
-5.4049428774713640e-07 -4.4282072648904230e-10
-7.4516288653538633e-03 -3.8220898406382520e-10
4.5080451932027233e+02 -3.5348801402808029e+01
-6.5611929291321406e-03 4.1248009552541625e+03
9.5087094546375507e-04 2.2522391390794394e-07
8.3303963275117917e+02 3.3417143751640842e+03
-4.8696423680632755e-09 3.2011919285841441e+02
-6.1514094605125164e-02 4.6108832031614430e-05
5.1481659050375872e-01 6.5467369360919826e-10
7.6746619476176830e-08 1.7928246726139090e-07
4.9118030789148689e-09 4.4175498331129344e+00
-5.3194150665354626e+06 1.3926957763787970e+10
-2.3207173290411029e+06 2.6958458409441560e-07
-6.8852030387519950e-03 9.7167567312176445e+01
9.3007546292605424e+08 9.4113937826320660e+04
-9.3617263617285832e-05 6.8579122080439520e-06
-2.8054664797841768e-10 -3.6978852277736618e-01
-3.1776040528534832e+04 6.0981903126655018e+08
2.6922818649944302e+10 9.5188572629588951e-08
1.4172635872025956e-08 8.8144896369794168e-01
-5.1020793740891278e+01 -3.5528148299104835e-10
6.1786075684969699e+04 -4.0162458756384726e+09
1.6049615667768746e-02 -4.8423849597206470e-02
-6.8284243816739516e+04 -9.8235736384155554e-05
3.5833354124018751e+07 -5.9268005061282668e-09
-3.5620952612451425e+09 -7.1684856626557213e-09
9.2892455628846787e+04 2.9697664356143195e-05
-3.9019474944773628e-06 -3.6799124970670350e+03
-4.7089286289231772e-05 -6.0718442873886097e-06
-9.5100130422908654e-10 2.4349914702365868e+02
-6.3628293508492997e-07 8.3933440127733088e+09
7.8910999996191711e-01 -3.2081661448252002e-04
2.0152071103588027e-10 3.8207823162927153e-05
3.5598158318471914e+05 3.6017730147030973e+09
1.5051087085668163e+02 6.3127991979638687e-06
4.1234082070007219e+01 5.0916268010766990e-08
-3.7839377328634616e-01 -8.0968137810474991e-06
-9.7069983855582514e-04 -1.6352291592464401e+03
-7.6608691635837872e+01 7.3812540299207553e-06
-9.5970306627702340e-01 1.5491147844354970e-10
-9.6035861584169009e+00 7.8648851969525101e+10
-2.8513850946227829e-06 -3.4240169208450412e+05
2.9894792207994859e-09 -7.0729472506029724e+10
-3.8008446568838995e-05 -7.4204575166672715e-01
6.1869489356092415e+09 -3.1021300227835968e+10
9.1959773241423976e-10 -5.8464073814050099e+00
-6.3249557300499811e+09 8.1265285276172272e-01
7.1094252342370148e-07 -1.5796084930590820e-08
8.7886342424588337e+09 8.7294535583428730e-05
-2.4450748998511386e+04 -4.1492637279661855e-06
7.1812677325228478e+00 1.0604127882552596e+01
3.5646284573828778e+05 2.7309170094924154e-05
-1.6820405016483778e+02 8.3512954000959532e+00
9.3766178279027518e-03 8.4318407906620111e-07
1.1535943195582721e-05 5.2362272968781970e+07
-7.7889052567034810e+01 6.7091664270350397e+08
7.5051227919965098e+05 3.7969435683690787e-05
3.6347013337882664e-02 -4.6817656463545944e-02
2.3033150416304391e+00 8.1955252788534452e+01
3.0583548058897026e+07 -9.6158514865645629e+03
-7.7353366192490676e-03 4.2090023060788643e+10
9.8767499240093766e-09 9.0461542403949037e-04
3.6137520344519531e-09 8.3488986565314850e+10
-2.4852407440794380e+06 -7.5530395616140764e+05
7.6649330590029349e+03 8.0342050293007612e+07
6.7747862272519582e-02 -7.6413955950974405e+03
-3.9980812044819269e+09 6.9619172261831258e-06
-9.0870644821258381e+07 -7.3377156237838030e+08
-2.9282887996362194e-08 9.5742430257336309e+02
-4.1101321610940609e+05 -1.8940299828933537e-04
-3.0500171447126751e+04 8.7035188185105519e-07
1.3542204954401813e+01 -6.9578769788456141e+00
9.7825232795123473e-01 8.5485020630794240e-04
-2.4027009094816665e+04 8.8147832972626883e-01
-2.8682938346881452e+09 -6.8396416785545822e+04
3.6941275396434164e+09 -7.0795401457344124e+05
4.8625463397465261e+01 9.6928723062982333e-03
5.5609068089225762e+07 -6.5361090599708870e+07
6.5213956555223581e+05 -3.5004510454382695e-09
-3.0833572879046143e+04 6.1793054512387280e+03
3.1783693252262726e-02 -3.1572196335351091e+07
3.0260013889313555e+09 9.1046695610963462e-08
8.5024297880408577e-05 -2.3737236408507919e-05
4.2230072816118029e-08 -5.1392048070371635e-10
2.1479883717711501e+07 -1.2064175969921558e+02
-9.8235912838999485e-10 3.4553892899199717e-02
2.2035185596327682e-06 6.1826118656457397e+10
8.0036186087299836e-03 -6.5674380038597058e-01
6.2444076496005614e+01 1.8783923504177105e+05
-5.4105842967743404e+07 7.1319019265812784e+07
8.5156324519696026e-07 1.3453315100493078e+10
-3.9674170337906512e+03 -1.7493769011243131e+07
-4.7085529768781109e-01 4.9920687014341836e-01
-2.0424420940477941e-02 -1.2119608252472412e+06
-3.1556781964446996e+04 8.1051258092978543e-02
2.9451674899790640e+05 9.3348150139063648e-04
-7.8692364868222809e+09 -9.4668867915762576e+00
-8.8976865928412110e+02 5.6321361297070384e+06
7.3670642695000429e+09 -6.6751823372726267e+03
-8.5050897275780775e+06 -5.1935289818677741e+08
-6.2343862287418737e-04 -5.0719739143477395e-04
9.9507546369126986e+05 -5.0655026231806498e+05
8.3503645384536857e-07 7.7044450847182845e+04
-8.9084847873043105e-02 -2.5479814750734908e+00
9.4786493583732995e-08 2.3757663853759447e-06
2.6346998586926752e+08 -8.0815502269742458e-10
5.6356323021777310e-01 -2.7258017045305166e+02
-8.7522903198793955e+01 8.8974456661430461e-06
9.1610700169863402e-01 3.6813763708271379e-07
-6.4975957079149227e-06 -9.3690819052906008e+05
9.8546706156559647e+10 -8.6871928161753742e-01
-2.0265405712143972e-02 3.4908200445620512e-04
8.2817238055635480e+03 6.1023130158394015e+04
4.9157906202347237e-08 -6.6910897632441804e-02
-9.8502201395981820e+02 -3.3308008469736090e+00
3.8619291288240648e-06 -9.8518530606591560e-06
-8.1726135358272276e+09 -6.2328138992378280e-08
-2.9386719851994128e-09 1.1413629025502079e-06
-6.6613982552786835e-08 4.2625764119623329e+02
4.4025428449295578e+09 -8.4700283064036894e+09
9.9462357625238861e-06 -3.4013238156116180e+10
4.7461677514670093e+01 -5.2169803370631561e+09
2.2021999698707312e+06 5.9396388111732984e-07
3.8704990834909948e-03 9.9903770858368858e+01
-1.0454381072725401e-10 -3.7435011280298722e+08
-1.2726169788041260e+07 -7.4967221041392406e+01
-3.7109169056500760e+06 2.9855145444187305e-10
-3.4065825912307777e-08 -1.2118195062129185e-06
9.3295692172533401e+10 9.8967707925423201e-10
9.2761781056893478e-01 -3.0194606883043404e+10
-6.0586017777184835e-09 -9.5506614139895344e+08
-9.2606987858737411e+10 4.6557071596920054e-04
-3.5036194350406653e-06 9.8035459752551439e+00
-5.7928563920580840e+04 2.9673529514604469e+00
9.5408240789207886e+05 -9.5995163968724318e-05
2.2319679072211678e-07 8.0376386340030413e+06
-6.6104432827402243e+03 4.2764954646680721e+01
3.3126828713520679e-07 -7.2936471053093588e-02
8.0492295058310818e+04 -9.6336712989570572e+01
7.4747340994211228e-09 7.5454108276822591e+08
-4.3365491549446136e+07 4.0573572162674105e+02
-5.6042039350793083e+10 -7.8097358861487181e-10
7.3458302817704233e+00 -8.7693001669006753e+02
-3.0108672695841151e-09 4.1501035924486400e+00
7.9068811923883268e-03 9.2389188065707568e-07
-1.8045351776580002e+09 -9.4138021497477669e-03
-5.4805614507512935e+06 6.8603180853952771e-09
-5.9626501639356677e+00 5.7230363245175339e+07
1.0741327610577145e+08 7.2895829479058762e-05
-5.2224086947224983e-09 4.6299780241335956e+06
9.9850014859682723e+00 2.8711977162698067e-08
-1.2938509241429417e+00 6.3291816675412134e+04
-2.9323444138164945e-01 -5.3421009128617402e+06
8.8492195932421964e+00 -8.5185514154255143e+04
6.3944004202313948e+09 -7.9291074930623636e-06
-8.2890441994719877e+09 -7.3633132175766749e-09
-6.1282408356691008e+09 4.4052394464473948e+07
-1.5117378386711953e-02 -9.8676904340587258e+07
-5.4623677587954521e-09 -2.3726079020370065e+01
-9.7910518389016116e-03 -9.3516725857143663e+05
2.4626485534360434e+00 -2.3346971095117023e-04
2.9317642767436008e+09 5.2329493329763347e+06
-6.4267174925804490e-06 -6.3141114158690615e+09
9.1085622753405863e-05 -7.5462337046399851e-04
5.2243577715245355e-02 -6.1932960082055978e+07
-8.5946464452826447e+04 8.7462472523231513e+05
9.3189721662013378e+09 2.6088546845029628e+00
-3.2780932433550417e+08 -1.5783374084802858e+01
2.9142890669564695e-08 -5.1892442857059829e-10
2.8691414233974690e+01 6.8685561081070048e+01
-2.4878707435448408e+00 -5.2713886437413837e-01
-5.8247240335747730e-10 -3.5332248890202735e+00
-9.5901588737552029e+03 -9.3319734534680800e+04
8.5859840792765318e-02 -8.6249686997833271e+09
4.7391618640222983e+05 -3.9564989435789876e+07
-5.5689153439756129e+00 -4.6262309119891133e+03
-2.3158693601349296e-10 -4.3365556006286747e-04
2.7325706281289593e+04 -3.6036920172360115e+05
5.2754776490790808e-08 -9.4680324091821367e+03
7.7399722455322078e+01 4.8518072056780183e+08
8.8657977896525598e-04 -4.3284611147033369e-01
-3.6103870179452607e-01 3.0642000549161106e+08
-9.0441784613991159e-09 -3.1164288884956107e-08
8.0242857213966676e-07 -2.9826639242770906e-09
-1.5838076051927064e+03 6.4461073985648662e-09
3.0906147059593348e-10 1.4451203470735383e+09
2.1776274265041743e+03 -4.1746677806246781e-02
1.3480898071953480e+09 -5.3556596912874770e-10
2.1229144800177623e+03 -4.5466321257303145e-06
8.3841421491903656e-10 -4.3067937745294916e+06
-7.8412687863008250e+04 2.2823822049029321e-01
9.3579564663870268e-02 5.3669496827124872e+09
-8.6919138931243375e-09 2.1228984100110954e-02
-9.4477944230354136e-10 9.8947667522593856e+08
-4.4118561718197088e+02 4.5392714143327951e+09
6.6261593512401451e+10 1.9158971628730359e-01
-9.7532511535235134e-06 8.1898186286385393e-06
5.3350640135861919e-04 -6.3726415216027039e-08
1.0268674099361607e-10 -5.2338562184108615e+08
-9.3792892795897004e-02 2.1574327075114787e-07
3.6239575539319137e-09 -8.0992299561205538e+04
2.5899048597943273e+09 -8.5026433409610745e+06
-5.7798917685907290e+00 3.9013542899630258e-06
-1.0521855701895447e-10 -3.6675490018277528e+05
-2.9651953568487512e-10 -4.0828957550805467e-01
-3.1897665024315533e+06 2.3429910581855595e-07
2.8823840619243917e-05 -2.8262473890699356e+10
7.4676591088638014e-02 -7.2744387563073280e+04
8.2300654312290058e+07 -6.8598253412117634e+05
-3.4040405732373383e-07 5.0344058807711535e+03
-5.2245473380046993e+07 -4.9599104345075737e-10
-1.2534729750990978e+10 -2.1804989059250364e+00
9.0006727817094762e-02 -5.5044004575871632e+01
2.9220223123176767e+00 -9.3375195134714556e+02
-3.4667897976836697e-04 -5.2669078339779205e+10
1.1722010799924215e+03 1.4333039415107388e-05
-1.5717115875009971e-04 3.2480677143400832e+05
4.0946524109603450e+02 9.3328258706856659e-01
1.8017917755826337e-06 5.7368288712887697e-06
-1.4434597569175614e-09 -2.4404518345375718e-10
-4.6861278434836571e+01 -6.3752460217523560e-09
-8.1271108087670865e-06 7.8984919560518230e-01
-2.5161018471236392e-06 1.3559074205798730e+01
-2.4334913915994992e+04 5.2084588760095000e-10
9.6488100618902968e+02 -6.4381155975005143e+01
7.2807507565739525e+02 -2.9232664351073547e-05
4.5702692351319756e+10 -5.6306135584502033e+02
7.6550851977114663e-10 -8.1674848665845758e-03
2.0476360208047084e-10 -2.1465516960311559e-05
9.3910628470863480e-04 4.4246956242747677e-06
-3.5041800111416065e-05 4.3112909418176726e+07
2.0493440064067776e+10 -9.8120593355505629e-09
-8.1466074079917587e+10 1.9379539026085069e-02
-6.5693228224109566e+10 -7.8944468254002805e-03
3.8467685866519106e-05 1.5493926704895587e-08
-3.2195028771603100e+00 1.2258342782752887e-08
7.0783803576783964e-07 4.9921300144113728e+05
-5.0615679596765281e-06 -7.2380472399910828e-02
-3.5369077258364685e-10 5.3832372162285781e+08
3.6963540576454224e-01 -8.9364877909283357e+04
-1.1102848066563968e-07 -3.8519109773376592e-03
-8.3527075963541932e+00 -4.1168783089428934e-06
-3.1983212351884728e-07 9.0497345510643536e+03
9.5294928345945675e+05 -3.6809419894742848e-09
-8.3125366173387146e+08 -7.2825020776909810e-04
-7.0892177065656664e-05 6.8335240097345820e+02
5.5700778265698837e+03 4.8765427801939055e+04
3.5675734724664494e+03 4.8702019070429643e+01
-1.5030289746241970e+09 -6.0485139609889552e-03
2.5463752292113844e+08 -1.8427155824310618e+05
-7.0165069671027563e-05 1.0954201980146084e+09
-9.8764089716560944e-08 -6.7487507990198559e-03
1.4829600149960899e-08 8.4118746506460709e+10
6.9949595783361932e+05 -8.0737503071978573e-10
-7.0539142980139837e+07 8.1464378461096232e+04
7.8769444180714103e+00 5.9563559020758318e-04
9.1758236115821521e-10 -7.4848969164797000e+05
-5.8497000958721554e-02 -9.2959727635765995e+05
7.6694159920785290e-10 -2.3656169804400875e-07
4.8362177764730716e-07 -1.9743101037424586e-07
-3.9529372442215701e-06 8.7700082090877280e+07
-6.6826289758135192e+05 9.7677181170744646e+08
-6.2627714108983490e+00 -5.8886585200552887e-06
4.0206240763209433e-01 7.0930030141598768e+09
-4.5287401170451834e-05 -1.3792572209853184e-09
1.0038475774730853e+05 7.9404566438409230e+06
-2.9318094359773402e+06 -1.8593556547573335e-04
9.4931897927749262e+05 9.5268531659724973e+06
6.5464154333290285e-08 -4.7108384382203697e+10
8.4754466003489912e+08 4.0779535338195707e-04
-3.6183316495421907e-03 4.3255375578464197e-04
9.7300820154798686e+01 -5.5250160393291665e+00
-1.2118174019586019e+08 3.3435782957414551e+09
