2.6972978146098818e+01 3.3238385397139249e-07
-2.9211553076994908e+05 4.9904142578781193e+02
-7.0294159185642302e+06 -5.2498632663027164e-08
-9.4738356605538211e+04 5.9259048629204684e-05
-6.5041068661145931e-08 5.8620652712383131e-08
3.2056107870157297e-03 -4.4681914806776003e-02
4.8221339659945686e-10 -3.2646783575748891e+03
-8.2841793344195664e-05 -8.0051958814555298e-03
7.9075719505605082e+02 7.1129255481618507e+00
-8.2379685172587411e-02 -8.2561064173813980e+10
-9.9988049756580604e+03 8.8161220338002644e-01
-9.4800096961248644e-07 8.3111573242659418e+00
8.1468056838800323e+08 9.5158909922524262e+05
-7.6329181278561999e+05 -1.2054073770934969e-01
9.4605216613040189e+04 1.2833572262132315e-08
-5.0321364959167334e-10 7.1469938527016866e+05
7.2682462882421774e+01 8.0092241832242246e+02
2.8267868294777907e-06 -9.4225299581632495e-08
3.2964497979521414e-10 6.8484420028378547e+05
4.5006748083258579e+01 -3.4575437587073576e-01
5.8624900685969353e+09 -4.9811747553876066e+03
-9.9658893884373157e+01 -5.1128752481758965e+10
-1.0617968977345654e-06 -8.0504129727243483e+06
-2.3119516065205400e-03 9.1690002849307478e-02
-9.8085653726525535e+05 8.6917706618829409e-06
-3.8450329241863244e-06 1.8742065432965124e-03
6.0759721159076516e+03 2.6768418285486307e+09
-7.3619622246303679e-05 5.7673247369550925e+04
-9.0314502299529660e+04 9.8312160205936550e+01
-3.6229144348690330e+00 -6.9064050047501328e-04
3.7041419450852265e+09 1.0121384963476170e+00
-8.6046424606554183e+02 9.6293882527391195e+08
8.4439794156708420e+04 9.2917213594527200e-09
8.2810672179304134e-01 9.6893925869507223e-09
-2.4329548225150193e-02 -6.2055790376896677e-05
-1.1347779808035855e-06 -8.9172538091924167e+08
-3.0444154413034448e-07 -4.8585573282857280e+05
-7.8403005290190937e+04 8.3004980641278262e-03
-2.4257219032678252e+08 9.5924010513545247e+04
-8.5191703414944325e-04 8.9857405573121873e-01
-9.2624044962737534e+10 -3.3528436119946976e-07
-4.2950603506820626e+03 -5.3282617232732377e+01
6.7833081940551901e+08 -9.2782840035177433e+03
4.3250886347532126e-06 3.3475274199373792e-05
3.3731880994274013e-10 -7.3631483608007680e-06
2.6917935919234498e-02 -4.4306380386507158e-08
-9.0023241629824221e+08 -1.4743283113973930e+08
-4.1982117322503360e-08 5.1394001502818445e-08
9.7273615499971772e-07 5.5957311994578766e+10
-1.1998876113929474e-02 -6.0135796699645810e-06
7.8509562460123959e-09 -4.0501707152257831e+02
9.7831097919150048e-06 4.3046556150446075e+05
-8.3372912582208440e-08 -7.9072712545523080e-09
9.8846302169386661e+02 8.3693519835103372e-07
6.3025786795449944e+05 -9.9090948449444386e+03
2.3283275521540794e-10 8.6491197330310574e+09
-3.9619804848008454e+02 -2.7913906368544112e+00
1.8013085597453483e+06 6.3566980893652755e+01
-3.3359275584364002e-04 -6.5446579238645794e-06
-1.4170495516376303e-07 -1.9724373974384693e-03
2.3383090957265991e-10 -9.6191575591854244e-10
6.2596905269051470e-02 5.8293208950318451e+09
-3.1513841388489146e-08 9.7566642268944494e+06
-8.4506000122619224e-07 -2.6304467450137444e+01
-2.6936393494755861e-09 2.5624008501350941e+03
-4.2064248573100710e-08 6.0274797060541250e+05
-8.7531597635064145e+01 -1.1851422210769092e+08
-4.1916246178050870e+06 -1.5005584575108195e-07
-2.4803817126673763e+04 4.3698241520894499e+00
7.5045974983153981e+04 9.1630573808878458e+08
9.9124973766843852e-09 -9.3956314061359019e-09
-3.3936540510415432e-03 3.8790346672146837e-04
1.2544307526273797e+05 5.1757302768829959e+01
6.7398183685473045e+10 1.0679151835608707e+10
-7.6278319592747733e+07 7.9129597960071707e-06
-9.9287499114572796e+01 3.2977521976951143e-03
-7.0180268097113073e+07 -9.4668207915703855e-06
7.6868064154475476e+04 -9.9405383554264602e-07
-4.4271084292817017e+10 -5.2528154869768013e-07
-9.0170084831868080e+03 5.5903054139376269e-04
3.4353903633942503e-04 -4.9577328667637237e+04
-6.5015157410399682e-01 4.2448457674891579e+10
4.2383614648130088e+09 1.1557176077798810e+07
9.2298603386843402e-06 7.7963460539068016e-07
-7.2471494716144775e+00 -9.6739289286873856e+10
-4.0387120445704260e+06 7.6289710099391452e-04
-5.5053011560433582e+01 4.3021523326878031e+02
3.8573277533445320e+10 -8.6925260195009884e-03
-8.8220125673259940e-10 2.3454192803199327e+00
2.5920907248345947e+09 -9.4722729190216350e-09
8.1816116414404269e-03 8.3298160305596783e+05
-9.6472105542700021e-04 6.3931897155428460e-09
-2.8687606989729078e+06 -6.2290635133759677e+08
7.7991949888316572e+08 5.6954821243650174e+08
1.2322016919144089e+04 9.8963125803022622e-01
9.1800775940150869e-09 -8.1161996083690176e+09
-2.1074379636646645e-04 4.9625229210132576e-01
2.6409667578275603e+04 8.4838878257891047e-04
-4.6271515547632909e+05 5.5283266190221280e+07
-3.2134001700633843e-05 5.6116981298701270e-10
7.7668725894030247e-06 -5.0528504875911473e+00
4.2840933580018884e-05 -8.2797168515028022e-05
4.3021328286975639e+10 -3.1918913074154565e-02
1.8369779869967327e-05 9.2058279902505490e+05
4.2602793452567333e-08 -6.9039660049630504e+02
-3.1526409330932204e-02 5.4289537012770332e-09
5.2868456799931272e-08 6.8281667515085899e-09
-7.1991478943905151e+06 -3.3199421427992898e-01
7.6782402380426474e+03 5.6801017846532632e+06
8.1472324708483226e+04 7.1201803524283066e+09
2.3417206939802365e-10 -7.7522001343596378e+02
-8.4233950480280937e-07 9.3646407116741967e+08
5.7857723607772797e+07 -1.5598684853312795e-08
3.5258885884833340e-06 1.0305093677990826e-05
-3.3415604682680918e+04 -9.5392358835260293e-04
-7.8003211328392811e+09 1.8660514684049847e+03
8.9304160951467992e+01 8.1126083478333513e+01
-5.0888031752663883e-02 -3.4803922510247021e+09
-8.8014560453846757e-01 5.1834078147033816e+06
-2.2225514318667471e+07 5.5278749819197967e-08
-1.4949362094614660e+10 6.8600435173724841e-09
-7.3065267058789732e+02 -4.1446520451786871e+09
2.6199843700399352e+01 -7.3348222810553243e-01
-1.1310800434377639e+09 1.4060498133844114e+05
-9.6466195590912495e+09 -3.2668892228707518e+03
9.6511497166739297e+04 -4.1162981814729731e+05
-8.8044447931381791e-06 -6.6360472148206823e+07
-5.2059403036227822e+06 5.1114515517808434e+10
1.9274247539985306e-01 4.8764188302199051e-10
-1.9923366205186135e-04 7.2133846029630789e+01
-5.6883814846418805e-05 -9.5100310818368039e-01
-8.0628692627850467e+02 -9.3668665139523392e-09
-5.3206351297336172e-09 -1.6108722852679520e+09
-1.3017469940644940e-09 2.5547845144039475e+03
-6.4022457475498018e-01 4.8822379277578271e-07
-5.0467616910439318e+01 1.0642203383447124e+07
5.8007994466211965e+00 1.0841995431277361e+09
3.0788995157228160e+08 -9.3624372273345750e-07
2.4738443922359024e-09 2.0444844272885668e+09
8.9777154782298993e+01 -3.8328855333470693e+06
-9.4370933058404207e+07 -7.9640529925252777e+03
-9.2963530534296162e+00 -8.6347451554721738e+03
-6.5226919481818611e+05 1.1863705619649173e-06
-4.4583543633180435e-02 -8.2525256962186644e-01
-4.5808139037667657e-10 3.0191142049527514e+02
-3.4705338963933585e+01 -2.0459972027940402e-03
1.5405378532600622e+00 7.0727943774080608e-08
-7.1421514047153776e-09 -7.4128117293438753e+06
2.8846277083096199e+05 -1.1188671100682234e+07
7.6026757871260855e-02 -4.5658189289233238e+10
8.0587339463778760e-08 5.3543557972684013e+10
1.9026112759474296e-03 6.8492663494133110e-05
-4.2390424525861442e-01 -7.4226863214307263e-06
1.6773465504403230e-08 1.0804990351024331e-03
5.0249658079334529e-08 6.4963717514949901e-10
-2.5340366643079072e-02 2.0883379939243070e-07
5.5999761520595260e-04 3.8442431834075787e-06
4.1518128448466546e-04 8.4927986469823264e-03
1.9248529359718464e+10 3.7176047107159480e-06
5.1800105635889626e+08 -5.8895043085208371e+01
-6.0234155739978914e+09 3.7835577729190923e+06
7.3798956365699193e-08 -5.6743210348175773e+06
8.2197663739694417e+02 9.1455863782530789e-03
7.0080564062159581e+01 3.3424731523953151e+03
3.1540792521257376e-02 7.0896432117903900e+09
-7.1314423425090122e+08 -1.1451694002878807e+09
4.1103254497797992e-01 6.2743601602161553e-05
-8.5864784742242966e+09 -8.8647903238284980e+03
2.5150311016311506e-02 2.7506270029146531e+01
9.2771060537293287e-06 -5.4402824650581531e-09
-3.4138838772244113e-09 3.2685671498719962e-09
9.5712267247216380e+05 -9.5378573627994117e-04
1.9814591346092397e+08 3.9950078801418096e+07
3.5568488691882581e+07 -9.5771692811738007e+10
1.5279284361099727e-02 -1.1609226212845585e-08
-1.1487557607940402e+04 9.6710095307572885e+01
-6.1534652441930679e-05 6.2043751339835534e+06
4.3213869329278810e+02 1.7241086509991774e-02
-1.0524751295772130e-10 -6.5913551947583561e+05
5.2220834343732985e-10 3.1634293440831168e-01
-6.7053109670133941e+04 -9.2239567998020783e+07
-8.2132154262779344e-01 -6.2331376156504803e+03
5.7058083667365304e-02 4.3676098828749073e+03
-3.5176849014657354e+00 -9.4194720512557868e+06
3.3215982208271198e+04 9.7670491136404037e+08
-8.5360856567817829e-04 -8.8687700498242261e-02
-3.4000262731653396e-10 -8.3714488413124709e+03
-2.1484632835460737e+00 -8.2269308333730676e-10
5.7745746051004100e-08 -2.9116261282954135e-06
3.7077544580613861e+01 -4.1556233064028507e-08
-3.1913815424593119e-10 -3.2945590183905766e+10
9.3038434277110600e+08 4.0563677042434474e-03
-5.9294369647420092e-10 -4.3442508830447600e-09
6.9270337241680918e-03 -7.6532026859040687e-08
1.2928117109856130e+08 6.6197592405331277e+04
6.8787262894313744e+02 3.9563915475640130e+01
4.4358527892242465e+00 4.9570130893008441e+07
9.5635655053140909e-05 -5.9746287224462840e+03
8.0126141037193404e-06 4.9784862313424424e-04
-8.7199445215017078e-10 2.3974013573091102e+03
-1.0120120235852380e-06 6.8473124369013880e+04
1.9813662302865799e+02 -7.2986254858849603e-02
9.7294171112580433e+09 -8.8135405751213688e-02
-1.3984142593102597e+06 -4.6311055203963806e+03
-7.9579324992106626e-02 -3.6904475116366084e+05
-2.0012541013157644e-03 8.8993420352292318e-01
9.0239647216908000e-07 8.2884997551104841e+09
3.7751781937429473e+07 7.1059170859372849e-03
-9.5986253722564333e-06 -4.4905838361054464e+01
-9.0210382331001015e+09 7.8949514858527390e+10
1.8391715693455124e+03 8.6304833785023423e-09
-9.6226233028411280e+03 2.8249879162144725e+03
-9.3970776468234539e+09 7.0395812601210847e-06
-5.2059824352145740e-05 -8.0701180990307484e-05
5.9644280676684723e-02 -2.9439133439319015e-01
9.0306181183524736e-01 8.2116787813758080e-09
-8.0362166953001514e+07 4.3189940200928112e+02
-1.7763434874213488e+03 7.0386804731676251e+07
7.9521336546843721e-06 -8.9135965982781891e+06
5.3298516221114341e+05 5.2197475252115525e+07
6.2828798266525723e-02 4.8983240232994056e+01
-7.7119475060861140e+07 -3.0367693136235783e+01
1.4890139022927473e-10 5.8644328500192699e-01
-5.7977240634117588e+07 -8.5450609112524949e+06
-2.0960219213151199e+03 1.9951261264336217e-02
-1.0983522771144867e+03 -7.4901041769641996e-10
1.0722363353155346e-08 -9.1174447128178238e-01
4.0745240520191783e-07 2.0861308784956008e-03
1.7531476682381713e+05 6.2521521725141090e-06
8.1525748867779593e-04 -5.3806923282317825e-09
-1.8031220000894436e+02 -1.4157256931682685e+01
-1.3533824325843569e+05 -4.8294644028977082e-05
9.5966571511891772e+01 -3.2796034723515133e+06
1.0127858525967423e-05 -7.7702198381168420e-07
2.8506716970540286e+05 5.6022172864294856e-04
6.1520008101219991e+06 -1.6669253379775065e-06
8.9867907555658746e+01 2.7535866064436054e+08
-4.7263297270717244e-09 8.6359624924909156e-09
-8.0254411403307708e-03 -5.7045422247291044e+03
4.6655456098020464e-06 1.6744434911690439e+02
8.3074030732583836e+01 -5.7235688037689502e-06
2.3636160226126179e+01 8.6427075211260486e-06
9.0428197852773865e+10 8.2696091126794047e-06
-7.6342886254911043e-09 7.4851117903039125e+01
-6.7580014279756433e+04 -4.6735401748414682e+06
-8.8303406614577408e-09 6.7244568399988557e-08
-2.0717283409873256e-06 -8.3611189202735543e-09
2.1060074604468678e+01 -1.4938326710868685e+06
-4.1030068941221288e+01 9.2400030130772637e-01
-3.0235823079771739e+08 -2.3181467538663605e-06
-1.1803529480371400e-04 -4.0544661544620340e+01
7.6048020941225550e+03 2.0725523028479867e-01
4.6842744958381418e-04 8.2352861127024996e+08
6.9472027653641358e+04 2.8240531465454706e+00
-2.7546499850924643e-04 -3.8508822927515096e-04
-9.1119046945783232e-05 1.6531204656222758e+03
3.2429683688474739e+08 2.3169009001286249e+09
3.8280794542084233e+05 6.6124088509075079e+09
6.4673634064566493e+07 -3.1950204982708715e+02
5.7365432528836494e+06 -2.8868354336250226e-04
5.0212613535348840e+07 -2.0176556187362946e+03
3.6880757221634075e-03 -5.1581023361388594e+08
1.2528010966358095e+07 3.8467050578167561e-01
3.2077268756894384e-01 -3.6117539615409519e-02
6.5811770993745019e-06 7.6518236495723068e-03
-8.4391278418462631e+10 2.2698896753200120e+00
8.4656715136870737e+00 8.3223533302144897e+10
6.1340733330523968e+05 -7.6309776520915963e+06
-4.3084455820486102e+04 -6.5385594384947510e+01
5.8575393685784042e+08 7.0532794459786760e-02
-1.8322206407655963e-04 5.1249695329776861e-04
3.5729314438299992e-02 -3.9112060969174085e-02
-6.9637540539190922e-03 2.8074213428242262e-02
-1.1894390963993047e+06 -6.6044845560696329e-10
1.3517893850563425e+02 1.7180997322045994e-09
2.2497658445500171e+08 -9.3750338373336067e+09
5.1016577746208385e+06 1.2693660387185373e-10
-2.7018566801327658e+09 6.2151735945004118e-08
-4.5410338176001321e+00 -9.2744986530948334e+09
-7.0642799025025510e+05 1.6241827419547257e+04
-4.5493722419763092e-06 5.4952745851988630e+02
-8.6863526669168461e+05 7.8874273278516330e+03
4.6916335726250702e+10 -2.5574868793131817e+00
-2.2420838254288411e-06 -1.8961061262292731e+00
-1.2240064974206281e+09 2.3321416866285691e+01
3.4379883433389893e-04 7.0005850712396645e-04
-5.8270494303339459e+07 -8.7587265755023065e+04
8.5456211159313644e+10 -7.9509271693803302e-08
5.3000729884290165e-02 7.8998430231459126e+07
6.0748561002772234e+01 -5.7599533797183482e-10
3.7723396819416516e-01 -2.6864558464782510e-09
6.2991873811413031e+09 3.5331510181969983e+00
-3.7592654077676856e-05 -2.4917864878577406e+04
9.3872226268207637e-01 -8.4633070658241212e+08
-7.7316645720828568e+10 4.2595018494810357e-07
-2.2484188533826721e+08 -1.2969362108209956e-01
-7.3495294362649410e-01 4.9955452197788531e+04
1.3338549435177321e+07 4.9512106627674539e-03
4.1227895792101512e-03 6.3876914011012625e+04
-5.7745847189186142e+10 -8.0382026676537671e+03
-5.7986417307100400e+07 1.3034230928861066e+02
-7.4119876182332198e+04 6.1930132228317968e-09
1.1886012035292967e+10 2.9892733758797216e-04
-4.4532572916505135e-08 4.2213480221112724e+05
-1.1686971350599241e+06 -3.5413208596292716e+00
1.7543581435544477e+03 3.4339092603312802e+09
9.2371141611052833e-07 7.8567185629283031e+03
-6.7047330821207120e-04 4.5297403932357942e+04
9.8123878435530663e-08 -3.9140431442254318e-06
1.8467220859166500e-07 -5.5406522152309502e+04
9.4284248545123347e-10 -8.8421544408436500e+02
7.2986688147987161e+02 8.2296208027059408e-07
5.4686130453255453e-02 -5.4766555043315841e+06
-1.0108446239445443e+03 3.3156110705121603e-03
6.5880008018824512e+00 -5.0488316607394577e+10
5.0763965663473748e-03 -8.5773656650429540e-07
-1.6653387310838362e+06 -6.9186703190485564e-09
-2.7852024295023680e+08 1.2649708868423249e+03
-2.9725409473255686e-02 1.8681880928682678e-05
-1.2324606946105412e+04 5.2227010084522353e+03
-4.7857443545530725e+05 -6.9646283934466470e-07
-2.6830793614571384e+08 1.4418807815956902e+06
-1.4881387729986351e-09 8.7137824265442453e+02
-8.3838920338674286e+10 1.2602891815149607e-06
7.7127237257534356e-02 6.1411424714729233e+09
1.5700738938861403e-05 5.8225141528093116e+02
-1.6393560065261074e-06 -9.9720048102284311e-07
-3.0101379469979661e-03 9.9204408795789242e+09
1.0246409034031978e-05 2.2143124818605499e-05
-5.1233863540110346e+06 9.9188059315843659e-10
4.0033427035324187e-07 -4.2678685151245590e+00
-2.9374738637330006e+06 2.6989037694151876e+00
-2.2391057724923164e-04 -2.8733322348355053e+00
7.8294226651638992e-05 -6.8977944206740214e+06
7.6771614817513470e-05 1.2375611210953293e+10
-1.0345809065313918e-06 6.7836512279905044e-06
4.6902703410392207e+08 -1.5127589327166262e+06
5.3694412175520090e+06 -1.0588707503441040e-10
-2.4892560622106385e+08 -7.5938444913346888e+06
-5.5133108028500862e+06 -2.1544417477053341e-06
1.7280623922980393e-09 9.2302870014361961e-10
1.4735149145956182e+01 -4.5552628510320178e-07
4.4733994186918149e-09 -9.2918243661600754e+03
-9.4250934550772428e+01 7.8822178479932602e+10
-4.6664586338322246e-08 -7.1626170093126893e+02
1.1502399116282052e+03 -9.0401697286106821e+04
2.5173525574816231e+04 4.2820861085792233e-07
5.3521612409072785e-04 -4.9758446343238000e+04
9.1674580774508613e+01 -8.3864956764477050e+08
5.1239686651192221e-06 4.7976787913961542e+08
7.9186700520187728e+06 -2.8849846005034712e-08
3.6338366327922422e+00 9.8842947537561998e-01
7.7673166854313448e-07 -6.3869150151690561e-03
7.5835275968041026e+02 1.2242420830513097e-09
-5.4243591805488045e-02 -1.3185056624192377e-02
-6.9279699502717011e-04 -3.9183478393953957e+07
5.5046299604170656e-01 -4.6324002304396165e-08
2.6382362309280935e-07 5.0403504214401080e+04
-1.7045952640384589e-02 6.1435251195806273e-01
8.9719859462804436e+01 -2.1713411776509886e+01
-2.0561460689868967e+05 2.4783695797101517e-08
5.5959787177115530e-08 -3.9804350001712454e-04
-8.0596371792173105e-02 -3.7373108183982635e+09
-5.4082279711379595e+06 7.3564265035482579e-03
8.0890600302540363e-05 1.2161759423342611e+08
-3.1602922297049474e+01 4.1694233228933348e-04
-3.0799709408150735e+09 1.4751970744342588e-03
-3.7848689479367802e-08 4.1011065229117617e-06
4.9717172033915358e-01 2.1984000854168460e+05
-2.6312951429816928e+07 4.5384436670801279e+01
-3.0888064220345591e+01 2.7429221646249324e+07
-8.2864017202439833e+09 -9.9471988915243631e-07
8.6732343172791279e+03 -7.9606231377485965e+03
-6.1024665435016272e+05 9.3126288124236555e+04
-9.9605582488889114e+10 9.4017156592324357e-09
-4.2593501888615561e+00 -4.3534876771647042e+08
-4.2409920362679847e+07 6.4479461999533123e+03
3.1107694598249069e-01 7.1438420598245592e-09
-4.1761969224670114e-10 -3.5677071592756775e-03
-7.0647528554241894e-09 -6.5674991299230547e+05
-3.9613824014950984e-02 -5.5791214119244427e-03
-7.6234028539772674e-04 8.5250365682288378e+07
-1.7870944117040596e-09 -9.5894302463510795e+05
-3.9714964998972431e+02 -8.2485020366668705e-03
-3.7721478824325243e-02 7.6413222493647035e-09
2.1315817183012997e-01 6.0553283249107825e-05
-4.1044578884533437e-10 -9.7848516323020419e+02
4.9910417380176723e+03 4.1874160188333072e+07
-5.7832078093218975e+01 -1.6416683295883894e-01
-8.1637019439057356e-05 6.9745479932988345e-04
5.8083806941369506e-07 -3.6637520812387104e-03
5.0619855778030706e-05 -9.7021122226800699e+01
8.8534435773095129e+02 3.9417276976082754e-05
1.0765354716047470e+03 6.3784414005119006e+03
3.1986980746224425e+06 -1.7721684194599479e+01
-3.0736335250842114e+01 5.4545695329435091e+00
-8.5604615917703905e+05 -1.3856159663734044e-01
2.9370272366135073e+08 -1.7929943465820794e-10
8.8266335585007218e-03 7.1299721138931849e-10
-8.1306119307078838e+09 7.4556422068149835e+07
-6.0750534670578502e+05 6.6490822109847664e+10
-4.0715067515321676e-04 7.0759859464130086e+00
-1.0755805192754881e+01 2.3415275543475281e+06
-7.0357527924210906e+07 3.3151272807451099e+08
-9.6690815997372648e-07 3.7468458051251055e-02
-2.8893382787975236e+02 -2.2599212876288073e-08
-6.4110028988782085e-07 -8.7095027764375708e+00
-7.7880062453129543e+06 -5.5177287617466099e+01
-2.5265306929505367e-04 8.9736509093257785e+05
-8.3600089996208591e+09 4.7394234473303795e+08
-7.8937170186176586e+09 -9.3167698420519150e+10
-3.3837803111475361e+04 2.8698588508851654e+10
9.6106883934245302e-07 7.9954859482356291e+06
5.8302725610641136e+09 2.2969637925636740e-05
3.2611747444115810e-02 -7.4357940465159952e-05
-7.6148148685908001e-01 2.5795226993772777e+00
-6.3434034418849683e+02 -3.2070915194938409e-04
8.4085164096018687e+07 -4.3116119386621593e-05
-8.7033318890244686e-07 2.2758188993775717e-03
9.4463494842758310e+08 7.6148426884884566e-10
-2.6529048210091987e+06 -8.2965001869368971e+03
-3.6526757393605608e+03 -9.1365456896943078e-08
-9.0025878506377711e-07 2.2274417532860950e+05
-6.9900187850737503e+10 4.7996197172333999e-01
1.1554474589293813e-06 -7.8104084537475353e+00
-1.1700878584171322e+06 1.3820824607583911e+04
1.0164022680595297e-08 -2.7084459888907797e-10
-7.5080191867538888e+04 7.5722508138073166e+10
8.1085175188768835e+02 1.8688089830541280e-04
2.0846542136445997e-09 -5.0659635764948556e-07
-1.9804977828046221e+08 6.0349830024090338e-03
-1.7471401958279564e+10 3.6394557382746830e+09
-7.6319654431145784e+04 4.0575213398445931e-03
5.2545859172279935e-09 -8.9933612111329069e+02
-7.0002002901766801e-08 3.2248153148278204e+05
-9.5663126044978374e-09 5.8105720579440902e-04
-5.9879167385816162e-08 -6.0555155133438752e-10
5.8358739995556164e-08 -8.3285465728006353e-02
2.8747270866102101e-07 8.4984075976956142e+00
-4.8278950926284935e+10 -2.5952203848436991e-03
-6.0216656902467989e+01 3.9182911357512953e+03
-8.8359504491755739e+06 -3.9170435729096778e-05
-9.4961989714155095e+01 1.0692158256628639e+08
-1.9641273673369936e+06 9.1592681569991577e-04
6.2321081689425397e-03 5.9382848241363480e+10
-1.8099762231079836e+01 4.0926135356607965e+03
-6.0525097286970055e+00 5.6390662063211909e-02
7.5702603743421205e+04 -3.8236564010826819e-07
-3.6224205438014986e+04 -5.3579941981318302e-06
3.9111161340525627e+09 -3.7337269744283576e-05
-2.6402026469716711e-01 3.4969116288547588e+02
-7.0419098987603124e-09 -4.4911736138691555e-01
1.3774754267096665e-10 -7.6769008179504096e-09
7.2782826417830895e-09 9.7670985728714330e-09
-1.2003543165290989e-05 9.5980761473575905e+07
2.1972203123234598e-05 -5.7479702010658341e-08
2.8987122877121165e+00 5.2324917437744120e-10
-3.1452327051401608e+03 1.2823611789681925e+03
1.2848467271482651e+00 -4.2656368358758018e+03
-5.3897470556488930e+04 -8.9764323719434529e+01
3.3838630858608698e-01 -2.2460274396916658e-06
5.0962016885991435e-08 -9.0347154779548606e-09
1.3076831611667117e+05 6.7630852860006697e-08
-2.6014498369928572e+02 9.2103055978615597e+07
7.9953055651840903e+06 5.0206647943055946e+06
-9.0441357369501840e-01 -2.7970997395319986e-08
-1.8656313353805877e+07 -5.2752950681133652e+09
-9.7686028018302051e+05 8.1729332860848455e-08
-1.7960451510785117e+06 -1.0636777292388695e+00
8.4088709181773358e-02 -8.1309318683508530e+10
2.6770488446599677e+02 8.2808956453769470e+10
-4.3856942985427227e+09 9.6722252818948793e-06
-5.9485529584461239e-01 -1.0518826969566470e+00
3.2618129769827010e-05 1.4077246713724980e+01
1.3469604830933181e-06 1.6372887575550454e-03
3.0932128359249502e+05 -4.9503800887885655e-06
4.6368683610296728e-06 -6.7074541443903671e-05
-2.3859531706399155e-05 -2.5161520168170279e+02
7.1176009800703084e+08 8.3169879843865580e-01
-3.1167764661062069e-03 3.4908270789598550e-04
-8.4631081016474422e-08 7.6864535831440517e+04
4.4715870847846588e+01 7.0464474830662574e-09
9.7356764809627868e-07 -3.0730969741142973e+00
4.5429418692032771e-08 7.9151800374768783e-08
-7.0149674528232572e+02 9.8921476420269583e-01
2.4773749868219106e-10 8.4120550251368761e+08
5.1166876563675789e+05 -4.0153579158843718e+02
-7.9882980465999787e-03 -8.5958333431606094e+04
-9.8347759193006253e+08 -8.0069657797470661e+06
2.2379807880139980e-02 -6.8182802192107277e-10
-2.9188135884101144e+06 -8.0986861548208662e-07
6.6913242199889049e+07 1.0714832200179110e-03
7.6394967857740603e+00 1.5712997338792493e-05
1.0649604605075001e-01 -5.8889364199151222e+10
1.6492031198144122e+02 3.0540449591911139e+00
3.6853425077581951e-06 -3.2317014322915983e+09
-2.4067210011671554e+02 6.4982455250044395e+03
-3.2712226782758355e+08 2.0631072853336345e+03
-8.8587145680318424e-07 9.5460524284584736e+00
8.6757697615972012e+06 -5.5573630572670884e+07
-1.9674980833068441e+00 7.3086656500027644e-02
9.0749860596983171e+08 7.8970011371408427e-07
-2.2910068220243897e+07 2.3753085187489653e+01
-3.6934040649221380e+00 7.0833479319013837e-01
6.1013814662590628e+09 4.4226791586378701e+07
9.6732928739718992e-06 1.9342434496348250e-03
4.4026942373420946e+07 -5.2254490226894379e-01
-1.4862985455889627e+10 -1.1373471769328037e+08
-7.7230789946630746e-10 4.2362351929004900e-07
9.2242900867370475e-09 -8.7153091827628210e+07
4.9151966349436209e+05 3.9923686068554076e-03
-4.0969779302444900e-02 -8.6121123686322510e+08
-1.1016894835025619e+01 8.1017677330198945e+04
-1.4500537776447767e-10 -1.7559539747651154e+01
9.8838293447610632e+07 -7.0094909153499578e-09
-9.3333455617424825e-07 -1.6114046935505080e-02
-7.0025972048633848e+03 -1.0998397654908946e+09
-2.9405351713839696e+02 2.6728029261088878e+07
7.9211661133449335e-08 7.1362705170431018e+07
1.0591157427806026e+02 7.9611493431089184e+02
3.2818803353732040e+00 -2.7073422920921521e+09
9.4558869816446231e-06 8.3201822082546678e+03
-8.3328368661731854e+05 3.5904095365828055e-05
-6.7307607205035436e+02 4.7428642646761863e-05
-6.0432644027013073e-08 -4.0189384290213659e-07
9.0074518111257490e+01 7.3606337435742675e-01
9.4170818612177563e+08 -9.7742955642398926e+10
1.2709863293660888e-06 7.4220308196820709e+10
-5.1674325649398362e+05 7.8331531038838206e-03
-4.1422812389239255e-02 -6.5384071083029434e-03
2.4962950648486867e+09 -8.9969318597853452e+05
-6.4025692772977115e-06 2.1129498254010120e-04
-1.6070926897610512e+08 -7.0460555036893461e-06
7.4129669896427172e-07 -3.2200451680809501e-03
2.7209433038886027e-01 -2.1126818835704620e+06
-5.3584823595874775e+02 6.9497637637803666e+02
-6.8548129205969186e+00 -6.4807462218837427e+04
-6.6107386015921831e+05 5.2830550840516999e+03
1.9767230376197746e+09 -5.0078174220193556e+05
-5.0723609345361209e-08 5.9772239727994673e-09
1.3622114965698131e-10 -5.1146434068042506e+06
-7.1418200516393102e-08 -4.4597493832626897e+08
7.3483438453175376e-01 -6.7254146101046757e+01
2.5589720675065371e+02 2.1188868169077472e+02
2.3685024283261508e+08 3.7024309592153301e+01
4.6552454281846673e+04 5.1690345917057116e+06
6.5830786921806135e+09 9.1026567712053961e+00
7.5962367633125348e-03 -8.1424168034788266e+01
8.8051425219912864e+06 2.3260549139636151e+02
4.5953727113358434e-01 -1.1906759779551779e-08
6.0468863144422248e+07 5.3896683258334899e-01
-7.6594352066479428e-07 8.5716194133870220e+08
-1.1362644935406800e+00 6.6675839134755830e-05
7.9726913792453647e+07 -5.3001821153940475e+08
-3.1676681954281556e+05 5.7210667180072870e-08
3.7182188036714877e+04 -4.3325798702699933e+04
6.8335762274249243e+06 6.7783666395037787e-02
-6.4681374780743442e+02 -3.4043179652668648e+10
-6.5819267738811632e+01 -3.2345182705571029e-09
8.6411985890834230e-08 -6.4945147376846187e+06
-1.4389337154336314e-06 6.1562817383134956e+01
-4.8334245856281131e-09 9.0621498621719940e+00
7.3687407488889289e+08 -6.6504091449460958e+00
-3.9197989443041845e+06 6.1652194137862512e-07
3.9799521423810542e+08 -1.7695501808686726e+07
-3.2373233651512476e-04 -8.2057528407969016e+01
-6.4111820373960036e+03 7.6107085100178959e-09
6.4587743581613790e+02 3.5588275216918904e+04
-2.1928454685761936e+07 -1.1531788208893863e-09
8.9984266687067632e-02 3.4357492917195678e+07
-9.0019498633420961e-03 -9.2066322678338802e+08
7.6002890061887658e+08 -5.8289608716893675e+01
7.9269264705144295e-05 2.7455220234090847e+10
-6.8013421328152489e-05 -1.9169015436334477e+04
-7.5562425317602707e-03 -9.4615976669085143e+01
-4.8046861842808699e+00 -6.8598020284723579e-09
6.5274073894457602e-03 3.1756585586525610e-08
6.9732852235860791e-07 2.9542143288183414e+10
4.9434386225661161e+04 -4.8286930357915708e+02
-7.4786095224366934e-07 -7.4806134465988371e-08
-2.7094166991360745e-09 8.4289900982833002e+04
2.9885067838874363e-08 -8.6864156822675760e+00
8.8274842622517117e+03 -7.0120094392308369e+04
-6.2570000969671400e-09 -1.2023804668598797e+05
-3.8883853708455795e+06 8.5650512603092920e+03
-1.4656350979141926e+10 1.2662228647692133e+10
4.1060639194871523e-01 -3.5825746736445079e-10
6.7654016331413231e-08 -7.3899443359169531e+09
-2.6096942778997885e-08 5.5604612946842972e-04
-1.9327143922043394e+06 -2.9640966146730155e+08
-8.7748633570371017e+09 -7.4658192458499385e-08
7.4163693109311613e-08 5.8717009564445711e+01
-9.6799856987350067e+03 2.3900519767113415e+10
9.7189862554838136e+07 5.1110734012769823e+09
-2.3851571776398811e-01 7.3634813486684828e+09
-8.9359439133004898e+10 -2.0503366266462053e-01
-7.1059292491190803e-07 8.3484951387171260e-07
-1.0494188253324469e-05 6.0580277923437289e+05
-6.8376431247515893e+03 1.3882268905198842e-05
-3.5525889393609655e-01 8.0181278432881130e-07
3.5919806109908459e+03 8.1926017954922190e+02
3.3786238622346864e+03 -5.5520434797418127e+09
9.6171301837269886e+04 -2.0856713973119644e-09
6.8501402317714150e-10 -3.3984388750578060e+10
3.5499612270768189e+09 6.4718565503935647e+08
8.3919541921430617e-07 4.6149680943853025e+02
5.3358544230181327e-05 -5.7792781530335532e+01
-5.4500664191493484e+10 9.8436176184503982e-07
5.3986338645263212e+06 -6.9177472789207552e+00
-4.4726281468293191e+03 -7.6028630275228043e+03
1.8694448555600694e+01 5.3976267462735930e+00
6.0850805121963947e-01 3.4272703037254733e-10
-7.2566773582940754e-08 -6.9959957198632741e+06
1.1096199585847685e+06 7.2968683473133957e+06
3.3777298333201721e+07 -9.6292939543312445e+07
4.3786014778790128e-01 -6.8662723149487983e+03
-1.3176265489858681e+00 5.0692083513092285e+08
4.3607776545888082e+03 3.7176505550307965e+09
-1.0597789696964835e-10 -2.2067295057600559e-05
8.6631882910444651e-03 7.1620335095745913e+03
-2.6114096332972419e+07 -1.7473659369440254e+07
4.1735229967420289e-10 -8.5539721968390416e-03
-4.0469689144222967e+00 -5.0231770784919408e-09
-1.5844874454359550e-01 6.2516357085133870e-03
1.3921347229294706e-09 -7.9934759477134545e+00
8.6233193257835688e-06 -7.9007203489516384e-02
-1.7952719053323701e+05 8.8887448353444543e+03
4.4318817686183889e-03 -7.3703019421937075e+00
-3.2344566212339130e+00 -8.9346592986878033e-05
5.3281682894487394e+03 -4.2438906723136859e-08
-3.8874163746955659e-05 5.9020898088044436e-09
5.8089486347144282e-10 2.8894482905775103e+03
4.8378947866268337e+07 -2.4760958264930268e-10
-1.6420620173329894e-07 4.1827998816702704e-10
8.1050625680265188e-08 -9.1905323331274332e+01
-6.5196670045596775e+03 -5.0054372906386382e-06
3.0580576602335009e+06 -6.7247237758814049e-10
6.6662526000883136e+03 6.1494960590921414e+08
-5.8986300980536761e+06 1.7977007384248403e-01
2.4180866819988927e+02 -6.1163746558424607e+07
-3.1417638310394241e-01 6.8887892012648225e-04
-6.5519192178108239e-08 -9.1281853601948271e+00
4.8709502993303885e-02 -6.5019600190836735e+07
-7.2160282493477990e+05 3.1938086597957807e-06
6.7283277689449031e-05 2.4288866653773535e+05
-7.8849068286032625e+05 -8.2363386271081716e+07
2.9237541486126720e+03 -6.5794481477856275e+00
4.0467138966358773e+07 -4.6549701691482967e+08
2.7632092735850964e-03 -5.1173293914810931e+06
-3.6121556909497809e+08 -5.0519856861138519e-04
6.3163602550510293e-10 3.8067576611323101e-01
-7.7873531214603910e+09 7.9433223448424637e+10
-3.8685374188766984e+05 -8.0764858533698350e+07
-9.8925538155605980e-02 1.0397500533864239e-07
8.4928039668671681e+02 -6.1572730248260372e-09
-8.8637347310472768e-10 -3.9617008656094804e+03
-6.1251561913484727e+00 3.1818770797758516e+07
-4.9871854694874573e-01 -5.1914223240103429e+03
8.5444625687764494e+02 -1.1890152991922342e+06
1.6382465354803276e+03 -5.7846864157888145e-02
-9.6058123636002107e-03 -4.7210645434543413e+08
9.8303905359531587e+00 -7.6090154927289014e-05
7.7715643595257785e-08 -1.3311633724966181e-09
3.0712007455819421e-06 1.7419058970192700e+00
7.8453999601227129e+06 2.4865594009399993e-10
-5.5125159811504782e-07 6.5756553668510330e+08
-6.4192863244166344e-04 -5.8960955154532051e-05
-2.9648790104600067e+10 4.9357631618772345e+01
2.8104046767020033e-03 -7.9518113344320977e+02
-9.3810061845897817e+03 -2.8164611574073395e-09
2.0270347481938494e+01 -9.8343442765255668e+05
-3.6939475960435079e-03 -2.7030466381061647e+03
4.2053754867133239e+02 -4.4713884324331957e+04
9.6901805224893178e-05 1.2176033830168662e+02
6.5756892477237287e-09 -3.3827404321305128e+00
-1.0791158681799798e-10 -1.6080977772208654e-02
-2.6145063113399899e+10 -4.0264756122134010e-06
-7.9160326604315673e-09 -7.2893035618721560e-04
-8.1694121612260728e-01 -4.4534378245892854e-09
-6.6528675428042108e-07 -5.2985003544612989e-05
-7.8900764461545376e-10 8.5238816983987428e-10
-7.2004102894485230e+05 -3.3249500441135791e-06
-6.6133060085448829e+04 -6.3043991354881568e+00
-6.8141046576833595e+06 8.9418798464271774e+00
-6.8998072018906953e+00 -2.8237816179653025e-05
-6.7101704521542004e+01 -5.4478629307299548e+02
-1.6986434588938841e-04 2.7363417435186291e+08
-4.8960025933607984e+06 6.8581465260973300e+02
-7.9400740607160663e-06 2.3705795719586886e+00
5.2297034793352450e-09 -6.4378703428442095e-04
7.0788529055079729e-07 2.8837870579507444e+03
7.2508135032514263e-04 -9.4907080015655740e+00
-5.7428098266052254e+00 -6.8986528340558650e-01
-5.2673319400329543e+06 -9.4823866604925997e-10
2.0189993618174846e-05 1.8053798299888960e-06
-8.1567396132514036e-01 9.5664206493319659e-01
2.6835111949009224e+10 -4.9006816592980079e+07
-7.1853721463466342e-09 -1.0000799149772028e+07
-8.2962470204365174e-02 1.6546551599779059e+02
3.6251841235717098e-07 2.4956515823068357e+08
2.5879107260894596e-09 -3.8078756351589611e-03
-6.2180781319777657e+02 6.2646918217419807e+03
-4.0548298755632377e+09 2.2880989848797985e-03
9.8750322014092683e-03 6.4224496794108754e+03
-2.8819065857052846e-08 3.4940934763128012e-02
-6.1884006155257619e-07 -9.1279233593817997e+08
8.6256519656974256e-10 -1.9130972497814938e+10
-7.3228639896437122e-03 -6.4802709706351962e-05
9.1331298397941327e+08 2.5697112306894832e-01
5.9759622083958338e+03 -5.6815388459671035e-03
-3.6348538885314603e+09 2.0856170227273726e-03
-8.5539001471164763e-08 8.4095086285987645e+02
-9.5242068363755101e-06 5.4426253295828810e+09
6.6574001755996367e-07 -2.7037226744625777e+07
-4.7959958875852635e-04 3.0300230878859011e-10
-7.8166211630016526e-07 2.8543880513863087e+09
9.6523027909867523e+10 -6.5584945666674675e-04
-4.0993737447658124e+04 8.1898239555917645e-04
8.7161301666632063e-01 4.4800156838202749e-04
3.7897905933113601e+06 -8.2108638342241351e-05
-5.1887899365506523e-09 -7.2866211203658808e-10
5.8657424736173278e-03 -7.8113172989146959e+04
2.5303402616534222e+04 -8.3048914262659820e+06
8.9808145651463434e+04 -3.0772404122234058e+08
-4.5264163172093975e-07 -2.5912744780514897e-08
-6.7839473450973577e+09 3.1785728698126547e-04
-2.5772912711002305e-10 9.0094858536997639e-04
-9.5574497849436813e+10 8.3177288760151455e-07
8.3563237782756940e+07 -4.7947050667585157e+04
5.8470142430844492e+00 8.0291895172892095e-04
7.8512619526549009e-10 9.9923927040825576e-04
2.6395305758520924e+04 -4.5806003237036662e+06
-2.3681168228935210e+04 7.8759924267413808e+04
4.6871304483030890e-01 2.0595073341060379e+09
-3.6119416704225034e+05 1.9096836335924292e-06
1.8329578416129314e-05 1.1087183085610320e-10
-1.3780480350799839e+03 -2.2446463051274508e-09
3.6026545008560829e+07 -3.5567515366896396e-10
2.0266592905374855e-06 1.1699527607687967e-06
5.7488537543672446e-05 -3.0031816817336477e+01
-4.2519891864723504e+03 4.5961634516929414e-06
-1.3714170703920877e+02 -1.6285195221855258e+02
-7.2472026519812133e-03 8.2594873474400193e-05
-7.7637050905851339e+00 -8.6595699059831149e+03
8.8629806500635702e-03 4.4144267567632232e-03
-8.0842004210987398e-04 -3.5051595417429007e+03
-1.1861400706081756e-06 8.5204717854840438e-07
9.1334156685230601e+08 -8.8907731972045610e+01
9.1572012818423097e-08 4.5796189893170339e+08
-9.7366472060979947e+07 5.7109696305694673e+06
3.6181625461493838e-01 3.8315338376115830e+02
-7.6405192158643971e+05 9.7474314813964084e-09
-7.6937664518739474e+08 9.3859950731453851e-09
8.4879534386668568e-05 -1.6675937417616806e-06
9.5496865377149544e+09 8.4317738194588082e+02
4.5208858941857039e+05 6.7689183662113981e+04
1.0981129500416813e+00 3.1674214642698709e-06
4.9551548658696259e+10 -9.3714079944411747e+05
7.0272503160863513e+00 -2.4596839101084377e+05
5.8415039961289764e-08 6.7838809366785803e-09
5.6230340282773163e-02 8.1827039984929151e-07
-3.1325728553491713e+03 8.3925206199243020e-10
-8.2453212714826126e+09 1.4221455563552588e-03
1.9274373155884479e-09 -1.6510197932703551e-03
2.0865664991171474e+04 1.9426143923809705e-05
8.5324945045263812e-04 -7.5352002939793856e-06
6.1919936289171396e-01 -3.7718118788340345e+00
5.7572958741342131e+02 -7.7259189064667812e-05
3.3596575510439340e-02 9.6782230992023703e-09
-6.3776240401321116e-01 -2.7088019759722714e+09
1.7779733652692380e-10 -8.4087170428187551e-03
2.3158554167734628e-07 -4.4478947660487905e-07
-3.4171283803163677e+08 -7.5546083606938993e+01
-2.8761789121778270e-08 6.4518528249099687e+07
8.7956270973864044e+10 -4.0583552580933109e-04
-6.0195791917386202e+02 8.3174678034151942e+06
9.2009102839499327e-03 4.9379641939108037e-10
-9.0325942582207453e+05 7.2654192908997814e+01
6.1888249022125434e+06 -1.9747402929658712e-07
2.4125139413439064e+09 2.8868331063812904e-09
9.6154030700070260e+05 2.4452824716468599e+03
4.6135652112531299e+06 -1.9727465903327814e-10
2.2095305442663485e-03 7.4039084376517625e-08
-8.5148061697453979e+10 9.4627651528726965e+06
-3.9158084031742587e-09 -6.1666156628661742e+05
-8.0390890849620078e+00 3.0127928739296054e-08
1.8725201581984837e-06 4.3836635177646317e+10
9.4072992367706760e-07 -3.6226246096388511e-07
-7.2230474345120438e+05 -2.3290504311877353e+03
-5.3829691976939437e-07 -3.6900192195388601e-05
9.9404659399814685e+04 9.4780266620362718e+06
8.5390849646759370e-09 -4.8412855208127808e-07
1.2498010934948006e+10 2.9349108929032353e-10
3.5587743495456323e+01 3.6319376886373944e-01
1.7660006562537994e-07 -2.6118355517203611e+08
5.1132383281319560e+06 8.4239769246932769e-04
-8.8282477993003393e-05 -8.1814507351365658e-05
7.6628496545318197e+06 -1.2755005403944724e-07
7.4231887437840737e+06 9.6311176265854725e-02
6.2803186924159418e+04 -8.5783122586865156e+03
-1.5284747804809130e-10 -6.5005813269847387e+05
-8.8336562542854901e-04 -4.7452945042064333e-03
9.4146367237318326e+06 2.8270877688568859e+10
6.4181432936596581e+00 6.6443420847046494e+08
5.2584527344799596e+01 1.7961062600713380e-04
-1.4340017032549355e-04 2.3937169688790086e+08
4.7685052326573133e+06 -7.7285709012576740e+05
1.3674757223521115e+02 -2.8048067193724133e+07
3.3045543287498546e+08 4.1948309230094640e+00
-9.1450215355554223e+07 6.0112173398777032e+08
-2.0270081001539270e-06 -7.2878248831323100e+00
-8.9414545797555666e-09 6.0586911664830460e-04
-1.3902418242654324e+08 6.6332339853580383e+10
3.9362151871345850e-04 -8.4370924828616407e+04
-3.5476032011365144e-03 -6.3162835251013242e-07
7.4568962785100705e-06 -3.1714168551479691e-06
-6.0855770456359107e+02 -5.0949111858663436e+01
4.7891164977736638e-05 -2.5313833147265186e+01
5.1016759589037786e-01 -3.7328417407280483e+09
5.7783757450474346e+04 2.4820581336327171e-06
9.4748766826283845e-03 -7.2340951378456323e-05
7.2928552124903046e-04 5.8726923809393379e+05
9.9800323181968790e-08 -2.7395677650518981e+04
-6.8804711064420175e-08 3.3864589911292287e-09
3.9461870505195640e+07 -8.2942474876075710e-08
5.5496663236561053e-06 3.3257483059636418e-02
-4.8627497728167342e+04 7.6186073676256945e+02
2.3237762374031063e+04 -3.1567906950102486e+02
4.1658940236938396e+06 -4.8198868235492470e-01
-1.9436449426841330e-10 3.5618505333982306e-08
9.4141648432164948e+03 5.9310616081566986e+04
6.9930591341305946e+04 5.0228623949847516e-06
-3.3141179965473766e+10 6.8885387450228905e+01
2.2557098984967473e-02 -7.2929366877239543e-01
-4.4121318790399865e-06 -2.8537105155429323e+06
1.9320484481317730e-09 9.8716770842389832e+09
-4.4032060132957941e-08 -7.6344736004315092e-10
-9.3808065106532294e-10 -7.7264680710994868e-09
-2.3797278957102525e+08 -9.7072506811898135e-03
-9.2116037219441438e-01 -5.4770371775549947e+03
8.7236561870523348e-04 8.9855258869126891e-07
-4.5831674231489226e+06 -5.6409682028761946e+07
-5.7233077576820719e+01 -8.3053587905006353e+06
2.3705550289996985e-08 -5.3465572023710415e-07
9.7410466348527759e-10 -8.0099919649883068e-05
-1.7724167799069392e+02 2.5700460816912656e+09
2.0754531139408165e-10 6.4924036593101306e+01
3.5584692698873276e+10 8.0880572726827576e+10
-6.7343116523933877e-08 -6.8420432641716373e+08
7.3233963553850673e-04 -9.5614913953955978e-10
-8.9670271749672778e-02 6.7788698907022080e-03
7.0449110603027977e+05 -4.3068459023180098e+05
4.5588512417593927e-10 7.5585771953416312e+08
1.1198320313304015e+04 -8.5090883831612885e-01
3.2293123158216188e+06 4.2854396869009896e-07
-9.1785784145739549e-09 1.6403710112137864e+02
-9.8377471134192718e+04 -5.3738462562107532e-07
-2.2042099692133371e-03 3.0240363954471022e+07
2.4602709221527890e-07 -8.2665051422308386e+02
1.6929669443716500e+09 7.0818644844287959e-02
-3.4319069481812614e+08 -8.4527146666539576e-05
-9.7169647297567165e+08 1.4152085860260662e-06
6.5647857944837781e-08 5.3730001053122513e+10
7.0834697296752170e-10 -6.7607720104454830e+07
-2.9177588275918269e+09 -7.7795931599648630e-05
2.8240942093948586e-04 8.3814793633548743e+02
6.9800351960590187e-08 -4.4670367927799612e+02
-3.6748729988242156e-09 -3.8530101598777666e-01
4.2160398321581349e-01 9.7704881690244603e+08
-3.2629678095338136e+07 9.9524044761701850e+02
-4.2035923581990637e+06 3.3452345056637872e-07
-8.1793878681484102e+02 9.6105567397473158e-06
-6.9767527676851279e-02 1.8402446366884623e+07
-7.5625394065081879e+07 8.1819803462589884e+08
-5.6133355908208109e+07 1.3869638189142051e+04
-7.9479788977405747e+01 8.2063632025185002e-06
4.7378504229671034e+03 4.8307767706902571e+09
-6.1064306105050635e+08 7.8339810346614826e+05
-4.6717105332351634e+06 5.9260925866450861e-02
7.2147645159433353e-09 2.8240458834219258e+06
-2.4818980431862830e+04 -3.1414574261802902e-04
2.3709420294173228e-01 -3.0268283597354873e-01
3.0228291873285556e+01 -5.1055819026260618e-08
-5.3773974599704956e-03 4.0248835903378759e-07
2.1648336885945010e+09 5.9831368121111691e+03
7.3020278113095355e-09 6.2930619444119930e+06
4.0750316901270962e-02 1.5221262186930686e+04
-3.0668454635095310e+09 -3.4124063638550791e-04
-7.0683976961576256e-01 1.4572106848097005e-07
5.5588607477791048e-02 -4.3254360247457957e-01
-1.3681233574504122e+07 1.3732036179488841e+07
6.4226855623450661e+04 -6.8836675059573927e+03
-9.2657101822375938e-07 4.0340543029629889e-09
6.9096769190685396e+00 7.0487672170881149e+10
3.8912602577643422e+06 -9.2766791492459616e-02
5.7460465487157899e-10 -1.8965948052139941e+08
2.7681047516385634e-05 -8.0066989396674980e-06
-5.7775329670768949e-01 -7.0512286777536769e+05
-9.5815177856761720e+06 8.2527292356395492e+01
-8.9913639452993013e+06 7.0782964374492817e-06
5.8857505171147385e+10 1.3604970789688298e+02
-4.0546677339470029e-07 -3.0893268528372993e+10
-1.9785126673382057e+10 3.9653380105269134e-06
-6.0615715375707895e+07 -7.1987055352123120e+04
-5.3891888115652486e+00 1.1286871597953153e+04
7.7931028081404258e-10 2.7812570809585759e-06
-2.4667935004461692e-05 -1.1742270595086119e+06
4.1199135053154804e+07 2.7408663867718496e-09
-5.3863542940917428e-10 -7.9852043527539306e-10
-8.7943961098683059e+07 -8.8289688246939196e-02
-6.3860982397940288e-09 -5.3984572485318160e+04
-7.2464540690106956e-06 9.3142416729429540e-03
-5.7552607623803087e-05 6.6593482146374986e-03
-9.8720217989904344e+07 -8.4679825042106509e+07
1.9812628919522854e+10 1.7912604261352509e+07
8.9052635480274536e-05 -5.8575862379806296e+01
-9.3343256509754384e+08 -9.1730160355407603e-09
-1.6583700118441503e-05 -7.3188839157860022e+00
5.2503286163024162e+05 -4.3157273906174856e+08
-4.4202517816957569e+09 -2.3000351834263284e+01
6.9147311018933075e+10 -5.6616988250519551e-06
-5.8488831214344837e-07 -8.5822115019122083e-02
-8.6186346915522773e-03 2.9795595966836275e+06
-4.4224822368687201e-08 -5.3564123022590664e-03
6.6877651675908009e-08 -3.3561047252134331e-03
-9.4098009878029673e-03 -6.8767247016760469e-01
6.8168877005229208e-08 7.3673092953082007e-06
-3.3803060316781113e+00 -4.1292044146939915e+08
-2.3424276518153288e-02 7.7959741645906124e+00
-6.4100520850044529e-02 5.0260362069546604e+09
-7.3732009602351116e+02 -3.6559673622941609e+03
-1.1972098070774831e-01 1.9879992878528745e+06
6.6061875329995934e-01 4.7571924285442117e-05
-8.9774844589969498e+10 -9.0273063272322540e+09
4.6120845275990856e+08 6.4573565431486273e+08
-3.9801266884756021e+07 7.7496954264292597e+01
-2.0463571172703878e-05 -4.1195465565718435e-08
5.1713635014491597e-09 -6.0880701576338847e-01
-5.1087130248671994e+07 9.3530483858799038e+04
-7.6029073693337569e-10 3.6048163720682052e+04
-5.9984028064185226e+10 6.9847519675071210e-09
3.9533450705313467e-01 -4.4022909984661995e-04
-3.7504967055286570e+09 7.8215621460911840e+07
-3.1064750390790801e+09 -8.9951126499366040e-07
6.5289280447680962e+10 5.0188959771588701e-02
8.6314221564890673e-07 -2.8614477275239994e-04
-3.9973439835089726e-06 2.3600875583902567e-07
6.3125569072690166e-02 9.3742985110131522e-04
4.2134678182700882e-03 1.5242403446751496e-03
-9.0912785670469137e+04 -5.8390772699016424e-01
-2.0706671611369081e+09 -6.8242672961978695e-10
1.7436535722294790e+05 -6.1347304202348387e+03
-7.3614565090426365e-04 -7.5315596490381638e+10
-5.0473172296414874e-04 -1.7516305491388486e-09
6.1178626455441289e+07 5.5328712697062418e+07
-6.9185774066932485e+07 -2.3518323298799353e-03
-6.6191364742052078e+05 -2.8395694450085145e-02
3.6488636654299908e+03 -7.9938709146202235e-03
3.2321928621738394e-01 3.0992314769676166e+00
1.1845653212188756e+09 9.1798295375010019e-04
6.4193972154244580e+02 1.9020114662809847e-05
-3.5419719195299982e+06 6.2907982712660646e+08
-3.2340963263846078e+09 1.2907712595911859e-05
-2.1617729284022466e+05 -7.5978353430691513e+03
-5.9397731354937067e+00 9.2623880503468070e-08
-4.1773454480090288e+02 -4.6800100207580121e-05
7.2118374250425024e-09 -8.6107036988805085e+07
-2.3652943805782254e-04 -3.1508933416080963e-10
-4.6376200215547883e+00 6.8181106478921752e+06
2.2409538258863881e+03 -7.8301495875750447e+05
-4.8128507064775228e-01 1.7731303030446304e-08
-6.1241749235064903e+10 -1.0583735637636349e-07
-9.3894037470498956e-04 1.9987317050006747e+05
-4.5374190216829993e-02 -8.6859448504453603e-08
3.0259884045324540e-02 -1.8438880098295875e+09
4.1703428743770199e-01 -8.6007125673401672e+06
7.2730680624847031e+00 -1.0080190917956560e-09
1.7885595784769570e-01 6.3756886929817689e+01
8.0027191752019156e-03 -1.9719805789380292e-07
3.0862917459329329e+06 1.7453825942250586e+05
5.5397084435266257e-06 2.3555311981430219e+05
-3.6025196932180814e+04 4.9071653190973482e-10
5.7857797270627918e-09 3.8419251131969221e-08
-8.8028182009557299e-06 -8.3338722999491931e-03
9.9674239149968063e+10 1.0818994937210203e+05
-6.0564747622387838e+09 6.5173143555772393e-05
-4.6867639371118654e+04 -2.3935121623092323e+02
7.9080978240278749e-07 -5.0458934594013908e+03
-8.4786562267539445e+06 3.5207665691478050e+10
-5.0000578517965726e-08 -7.8039738751171902e+06
8.9590882284645108e+05 4.6694440724272736e+03
-5.0454944863490778e+05 9.0424464078376100e-03
-2.7919286894487988e+10 -3.4237258944994514e+10
-9.5778121815918291e+08 8.0868290042029969e+01
-1.5242110744592306e-04 8.6089755827438830e-01
7.7317329316321185e-03 3.0129413587899521e-03
2.5775216111402161e+10 -8.9241972285631022e+01
-7.0264546859665573e+10 -3.7557479148970555e+02
-8.4513986577698716e+05 2.8995088970886894e+10
-2.1793107898768410e+10 -3.9612028921201760e+08
