3558
10007
11172
2677
7878
680
2109
6717
10100
6397
7523
11349
9039
920
2185
9635
6399
1569
2721
6117
10935
3744
1846
7318
6015
7052
3827
2510
8218
6312
4148
2989
10658
5147
3976
9950
39
2693
5747
6536
7571
11616
10141
1853
6449
1643
897
5353
2090
471
8081
3818
1744
1830
2997
7255
12281
5348
11343
3587
10397
1053
5846
9187
4750
3947
6570
6420
10388
7661
9383
9412
135
1532
12187
3747
1652
2574
4220
5511
6529
1116
7749
6998
3545
815
10509
11996
5494
1812
6841
4592
3951
1742
10948
9781
4005
4906
11307
5562
6402
2413
7580
11351
4107
1223
4197
10486
1431
5249
4758
5415
5468
6932
10669
6502
3357
5890
1704
4722
11174
5509
12143
7948
2374
1150
5210
7020
11869
9568
6515
2440
5988
8343
1696
7334
1792
8016
9867
5159
2471
10652
1833
2743
4529
6376
5704
9386
1034
8512
1353
2744
73
146
624
8793
1777
6507
12270
3639
6378
7292
7339
856
9958
9952
8631
2492
3189
1870
12279
4867
1392
9088
10037
5995
3506
9861
3774
3988
1357
3927
4034
1745
33
3668
1277
6796
1710
9200
11048
8425
4912
4431
2135
4099
8050
652
10651
7106
7632
1183
4432
2929
5226
2925
1277
783
2301
6075
9701
11587
10788
3217
10595
1497
4590
4711
10477
5878
3243
28
8055
5161
2212
388
4444
8783
11499
8274
7055
1432
3457
2791
8489
398
6159
11846
8043
10250
4341
9317
2020
9989
10803
116
2501
10764
9144
4111
8630
6907
3154
9515
4475
7527
2760
2825
7491
47
10837
4635
9597
11899
7698
1797
11056
7855
6
4369
4858
2747
4418
4247
12126
316
316
9819
9149
4593
1106
3466
5040
6649
10653
4958
559
9181
272
11153
11336
9367
12111
1794
4974
10363
9480
5854
7913
3165
6385
8971
3386
4301
2340
6264
403
4682
5490
7047
6726
5452
4764
7480
7523
11714
123
4863
5816
9639
2085
7065
5956
10453
6223
3667
1721
4193
5896
1235
6046
7052
9824
2297
4258
2910
9890
3607
7830
6861
4993
8760
7330
4261
8465
1283
470
4853
9045
5637
1924
11415
350
10692
5794
1721
9262
3070
11713
6918
4203
8009
276
4236
5200
8878
1794
6463
12091
11390
1239
12280
6898
2626
5454
10164
8169
6616
5674
6849
10080
5284
1736
3700
8597
11120
7469
484
10667
573
11323
8940
6250
8785
657
11594
4530
2638
4254
2461
3617
1346
2865
8421
1841
10930
1874
5482
3684
9118
9970
12179
10222
5050
4209
2512
1092
7847
3484
3352
156
9828
5916
11119
3734
768
9489
3134
285
2748
6002
10676
10915
6285
11671
4047
11340
1373
2824
1139
9440
10249
9816
5623
12255
11863
4031
3650
7112
7368
6222
4366
9735
5780
7850
337
9618
6417
4858
9898
9544
358
9636
481
8117
11794
4729
2744
5171
52
3428
6679
1065
3328
1906
8770
9201
9104
11721
6168
9207
6460
8630
8578
4443
10832
1931
1097
10567
8335
11357
12016
3374
8249
1342
2462
4964
1562
2122
11287
8835
10627
6570
12194
6475
8247
8090
8686
6422
8558
152
5346
11091
7128
9084
3762
523
1469
9126
8146
6212
1396
5055
8840
4934
9973
2907
8892
8807
4849
9831
7914
9294
1986
1025
7233
7159
4711
1655
1258
6065
9695
2099
4907
810
10243
10369
4923
1677
9598
2917
12033
6703
10175
1178
7041
7153
10402
9610
10117
4642
2385
1502
7730
7023
2828
10134
10583
11854
9391
11524
10014
2160
8275
10048
9212
4104
6672
9416
4566
11903
4181
2703
9205
11669
2008
3026
1004
10930
419
5081
5055
3257
5958
3471
10919
1008
9328
2158
10381
10428
2212
5898
12143
5928
1129
9918
8722
7979
11252
10460
5395
7576
8004
10833
5145
11765
2530
9889
1115
5541
10189
11831
9340
3574
2296
6400
1229
7738
11325
6869
10182
5875
1976
12090
8829
6337
11261
6686
6011
8484
8841
4978
8108
1113
105
3631
9610
4565
7780
9611
4031
2899
1324
8
7584
8475
4154
10144
1313
3911
11178
3714
954
10013
1103
2624
10076
8538
8460
1244
3798
2700
3822
560
9003
12104
12236
10256
11624
9755
10267
9757
854
10173
9199
8681
11580
10015
7268
2642
11574
2619
7525
1994
382
7587
8852
12094
4321
5485
5276
6308
10695
12206
975
2297
2128
592
5184
10478
3887
9926
9475
9942
12094
5665
1311
10150
4638
5906
2579
9311
5483
5844
5083
192
3245
6784
536
1720
9697
11166
11021
11304
2806
5524
3830
5180
11666
5070
2866
3394
6558
8543
4667
322
3268
4572
3044
6420
5041
7146
10310
11521
2217
4641
536
8574
7183
5898
4249
12146
10733
3686
11004
12282
1168
9289
10669
9449
8810
1116
4429
5523
7991
11541
2333
1741
9403
3809
6762
10492
4261
2215
1480
6662
11653
1482
178
8637
10495
811
4904
9418
4446
6898
1056
4933
11353
10313
5470
10794
7101
10020
7187
8005
4243
2878
10187
5310
11022
517
5041
10599
3222
9197
5443
1460
2947
6428
10233
8453
2489
10009
10687
8354
12093
484
2390
12030
1877
10272
12025
6687
2794
11329
9436
3804
2792
8782
2328
11422
8744
11513
3102
2446
7137
2073
4164
3685
6672
8926
7412
8641
5077
9098
10599
6172
6537
7902
9849
303
9655
4589
673
3833
4649
9550
57
469
3449
2765
359
9158
6506
5033
948
6177
750
7017
5598
2693
3140
10434
8345
1699
9215
4238
10666
846
3282
5213
5316
9324
10075
10156
7826
8430
10498
4462
8362
5226
2212
11277
111
3118
11414
3330
6398
7232
12151
9897
9104
2520
8028
7818
4590
1074
4466
2486
9572
7934
8600
2185
12001
5868
552
5781
7602
239
11567
9454
1392
9536
9335
10377
6384
7018
11770
11709
743
5651
9216
9428
8228
11001
10557
7856
8824
12068
2242
3331
4814
2885
1889
1762
2497
2811
2234
7987
4428
973
5303
7851
8552
7100
6270
5415
10252
726
12279
8090
11001
3548
4215
4463
1574
11286
1250
695
429
7499
632
674
10180
3310
4591
11689
3011
370
2653
5975
4290
4980
5695
8125
9425
290
8401
10995
8452
4958
5567
8942
1199
4841
10618
11565
7841
11831
7048
8102
5339
6704
1046
2277
5844
10647
6645
5115
12051
7082
11737
11722
412
11999
1603
5268
10579
4124
9924
1665
4727
3910
3281
11044
3522
11152
6833
10657
9348
5981
1829
4650
9083
7279
4084
9993
9147
1393
4804
3234
8937
5833
1803
407
11961
3532
8866
8870
12005
11206
6695
12222
10316
3440
7233
8054
11594
2032
2149
11488
6161
8873
3517
5990
5032
9700
5394
5657
12057
4184
3040
5323
7180
2603
1440
9165
1320
3135
399
11826
4755
2297
3967
10848
4650
8767
10580
5523
3341
2626
9077
11668
9618
12100
11549
3421
5028
11994
2542
328
5242
2940
6209
1310
10814
2957
9058
3810
9225
5840
4776
11559
6936
891
6366
3736
8345
10142
11622
9117
3343
11295
577
4048
5179
1241
8281
10994
2630
4297
7365
8820
11388
45
11199
11839
10184
6484
3637
3880
3809
9531
5448
11246
7715
10719
1597
9768
4411
6101
11130
7809
6459
5847
4782
2189
3626
1827
11724
10421
12075
4033
4404
5960
6759
8859
10925
995
4373
6465
10466
8613
2989
6850
1378
1598
11276
7600
2384
6504
363
12162
6724
11429
72
4834
7595
1622
4718
6205
1470
11292
10974
11046
4085
6483
2023
6218
11902
10158
7514
8452
7147
10253
701
4908
1532
428
12110
5994
7204
1987
4375
11103
1097
3447
7512
3220
8059
7364
11438
3831
4243
11798
9932
5971
2397
2825
10763
1817
7086
12017
3272
11446
7769
9882
3191
9591
5964
11558
2559
2152
9099
12252
2360
5781
5420
7674
9411
11660
4321
8945
5929
4648
4168
6230
11455
3594
6634
1101
11507
65
4685
1425
11996
1202
1774
6607
10959
5023
4866
4213
3386
8896
5971
6320
8263
10858
9618
6743
5210
123
1042
3397
2510
6244
4192
9138
38
9092
11701
10648
2411
5949
6012
7048
980
6239
3077
1694
11777
10936
2531
8921
6712
3242
6770
2078
7596
12234
146
11614
5099
8292
7455
10156
7581
11560
2660
1900
7418
7864
6243
2668
5976
9769
4670
8145
415
2857
4692
11894
8531
9907
9532
1628
4765
2801
9210
6208
6767
4530
7221
4497
6304
9578
12140
10633
10448
5519
12254
5810
7628
11318
7573
2435
4035
1519
11555
4387
6623
2643
6791
10438
10550
9424
563
7478
7136
11326
5553
9265
8764
3968
6121
1879
4707
7952
5321
4993
5533
7323
9651
9666
7458
5534
11009
9528
5165
8286
11180
8195
4465
10872
6286
6852
34
2090
11630
10280
2404
10633
2420
5411
4541
11404
9543
8500
5362
6585
6933
3302
3252
7961
2156
11901
2258
9485
210
2112
6404
2265
2878
10019
882
11891
9365
2483
442
12220
4737
1923
1981
11113
9495
2881
10505
4101
4478
4816
11894
6161
2441
5083
6889
4943
2790
5059
7348
2012
10973
3188
6712
10084
1998
352
3461
3879
12242
2118
8703
9886
10274
4427
9610
7750
1612
6072
10581
8762
5187
11183
9103
10645
365
934
425
4127
4265
10788
7411
8366
11255
6425
8699
1286
7563
10040
8617
2227
7536
6678
2120
11464
1000
9044
9140
8372
9015
78
1954
5529
5210
6209
11738
12169
3571
9954
6414
10409
9192
2483
3932
11960
11558
10049
11954
10877
7092
2595
8873
1280
3862
11865
4156
4752
47
4979
6068
3596
6369
2641
4270
4348
7756
4683
5351
10557
7323
6908
4615
4583
6676
869
11372
4968
6396
7643
8737
2500
11334
10621
9782
10974
11489
6663
8666
8407
1020
7850
9137
308
3880
188
2042
11125
6661
5093
1346
9799
2215
3268
7632
11701
3149
4173
10034
10865
8962
3870
11893
2894
3293
3538
3426
8759
3310
