2163
1689
8874
1825
5196
9648
3321
11539
11228
8771
577
2870
9380
5446
2838
4215
11996
5102
10960
1975
5607
3301
11407
4170
7262
358
1114
1484
3228
3802
3753
145
4467
2161
9112
7076
6855
3252
6846
6259
121
906
10906
3901
2710
10335
9340
9534
1637
2352
6567
3675
10396
11152
753
5719
3827
832
6833
3109
11306
5015
7757
9874
2451
10056
3886
6438
333
1609
7560
1073
11503
5832
4357
1924
2447
6871
2632
3329
11748
10616
12083
693
8164
5623
3160
1816
4793
2104
1709
6213
2023
638
4891
2026
2688
2270
8263
923
2860
6248
7054
5113
9747
4270
8640
7290
9092
2260
7111
7484
3064
9015
3182
3652
6805
3529
7763
10469
6830
2733
1499
9076
2809
152
7932
4564
3967
9664
2426
5605
7236
284
2829
7039
9663
4593
4110
583
4063
11927
5395
8780
3453
12231
11312
8459
3141
11479
1639
9468
10242
4779
8611
949
7015
7890
2637
116
2791
9782
8769
4436
11833
2918
11704
12205
6781
10707
11495
8313
10789
12197
2182
3771
11023
1855
11612
1790
11256
3982
10953
7410
9273
11396
4165
2858
7110
3306
2562
10821
1774
9898
8714
2664
2397
4322
8828
8246
4922
6738
4724
10299
6598
5171
9543
8044
11092
10163
12095
1484
3420
10862
8015
535
5976
9539
5028
10286
10850
10029
9665
3971
6265
3473
6498
1429
10627
8002
9781
8515
7207
9158
9024
5934
8217
10683
8917
9464
3936
10618
8945
9323
11040
2531
7644
7969
11925
9550
9216
2167
5266
2688
8190
10337
11218
8868
5250
9625
3929
2865
6046
12247
10601
6710
1235
4640
8875
6297
12118
2682
10185
2246
546
11761
3453
4541
1227
1879
5198
1924
10693
353
5824
11476
723
10463
3864
4414
72
7543
11252
9209
8324
1610
6060
8825
897
5606
2662
839
7470
6947
11294
4215
5607
11596
3764
8631
2774
1835
11377
11512
7496
7082
8834
12235
2068
8617
10828
2384
8392
7162
1097
8894
9333
3501
7193
2574
2910
7066
10787
1477
907
9226
9308
7028
1923
11270
2029
11142
1597
2013
9560
11857
4761
3555
9345
8118
12180
8502
8949
1771
9652
11201
11268
10571
2899
3247
12012
3484
442
1640
1221
3149
4590
2161
3509
11544
7203
115
9873
4459
834
634
5086
148
8171
3474
5467
4197
2892
6315
10419
8470
4254
6094
9793
2984
612
5701
9642
11353
3648
5561
6477
11490
7403
5876
12160
7034
8723
8432
3463
2942
11732
11020
3830
1302
9615
7490
7775
8171
6221
12099
6249
11161
4662
12124
6144
855
2810
2847
5379
4320
60
8598
5331
5173
7317
6419
5771
6517
908
11963
7011
11251
10758
10023
11943
9593
4077
3997
10157
9940
2238
11551
9580
1791
10582
1772
2287
11067
9578
9888
2783
3077
2945
1984
10269
5253
12085
10519
2600
2323
11509
5595
4062
3711
11755
2102
784
12064
4320
2402
9373
533
4515
3340
8082
7342
2369
7462
3363
12066
2698
6065
7905
11765
11114
4708
320
1353
4163
6188
10374
1419
3152
3887
2154
112
10257
5198
8618
7600
2372
5329
9995
3239
1058
713
11991
98
7662
5797
2985
1135
1867
10244
2553
11796
6826
11678
8585
9020
9213
1832
9797
4833
2476
8808
6842
8324
2734
2679
6809
12284
8204
11005
11325
715
7170
8329
3068
7946
5066
3121
7288
7434
1890
800
4836
4011
115
5928
7590
255
11305
3768
5080
8902
8290
88
10056
493
448
6190
2123
404
2460
595
9781
958
4872
8053
3169
2121
8644
6213
5197
2585
6174
2303
2201
2359
10420
4083
7459
12216
384
6372
4801
4652
8239
1741
4836
4912
3587
2975
7381
4609
8798
5962
12007
2341
9870
6024
7568
3297
8139
7415
8473
7998
3096
6854
791
1803
6722
11748
387
5963
7942
11295
1964
1905
8070
11168
6709
2914
4164
9155
9569
12289
2813
6440
9894
4081
11839
1856
6140
4606
9929
7069
5758
3165
2384
2426
8141
8044
5003
9424
2265
4190
4425
93
1480
1633
2024
6237
3672
9093
3965
3598
11646
9221
6535
7579
7294
9133
10219
2114
7159
6887
3836
12091
10343
8806
1561
8959
3475
7371
4453
4989
11425
9382
2507
10986
1636
1638
3899
3700
7158
479
5184
5298
8004
7105
680
9325
3200
1659
6136
7660
7866
992
5553
8463
8321
3654
7678
4676
7596
304
4125
10240
3265
1847
8466
3996
10930
2950
4202
8312
4304
5633
10519
6422
11355
6571
4890
5801
5077
2404
11921
11052
3608
902
10307
11500
2792
432
1651
5352
404
4847
3759
4092
9418
4924
1634
12035
8566
940
5544
3529
4550
3993
488
10078
4249
10070
7190
11600
4145
8156
1247
5801
4205
12106
8144
9782
943
1644
6250
10302
9897
3518
9688
5853
4939
4575
1165
2136
5995
7507
9572
12103
10259
3564
8192
2702
11832
4513
10483
9013
9091
808
7552
1865
5309
11974
1516
3657
2656
2044
3759
4706
10953
6879
9266
3571
584
10057
6677
5538
9476
2824
5225
83
2559
4020
2634
8476
10161
5312
10071
9573
10285
5381
11342
227
7753
10115
5811
3904
5523
1377
4667
5449
7919
7901
2789
11740
5926
8712
9741
11068
7012
5953
6951
9211
4240
1201
12183
6725
9523
4466
1689
9695
4967
5379
7952
5930
8952
6317
7493
7209
2118
6984
4238
10439
7727
2388
634
10266
1020
8285
212
8408
8626
3609
3301
1194
6019
565
3964
9828
4292
6688
2058
6177
9735
515
9275
9159
2378
6289
10299
7504
6390
10982
10014
8656
4102
5840
2657
9413
7162
7557
8676
10614
5169
4362
2320
7830
8558
738
2336
5567
128
11474
9360
3326
11955
5743
3135
6043
11388
5645
8656
6787
816
11837
10197
5533
4683
1854
2295
3216
3534
11602
1782
8323
5520
10738
9490
12106
8614
6385
3099
3205
10172
7836
10566
7796
4399
10568
497
6179
2300
5039
2633
4239
4070
1365
3141
2427
7722
7014
10007
9546
9831
313
7718
10710
3650
6413
7318
6169
3977
3329
4091
5305
7394
9950
4366
10898
6905
2199
6184
1567
3935
9619
11148
9793
170
10852
9649
5241
5180
3363
3778
513
3711
4485
7634
445
5294
10921
11387
1084
2533
6342
1079
11941
12125
11109
6759
5547
5471
2342
7575
6095
6341
4000
5959
3379
8665
2700
1811
1748
2733
11369
6029
1079
7840
9012
6922
5641
7811
9123
3830
1494
3594
9124
2746
2740
9597
8144
313
3855
864
8471
1608
1343
6484
5373
2429
1253
2034
2080
5376
5715
818
10591
2930
10263
11679
9551
48
2473
10247
5699
2155
6174
223
3324
7792
10471
11433
6199
394
9875
11392
5084
4718
2650
10867
11319
1873
1304
10238
1786
739
8313
1535
6434
9043
11694
4698
5982
1669
8424
6493
2998
12048
5279
10287
4578
6310
4211
765
10308
8947
7079
3572
3935
8834
3093
11374
5021
12227
1195
706
6875
2632
10995
1877
10896
9260
6398
4256
6124
6122
5369
6986
3935
11196
6287
1192
6352
11648
3765
10207
2423
5713
1948
2870
7948
2814
7133
1738
7514
7009
468
7880
2959
11123
10971
7377
5676
7418
4281
11886
5511
2801
3603
375
1965
8770
5657
5250
11336
1224
12158
10400
848
10380
193
388
1781
9335
8480
6806
8781
10522
6509
8211
933
9529
1113
1648
3859
1910
5984
8487
4658
7807
5205
2240
2878
9503
11435
10874
10375
5342
4137
257
3902
4400
11397
6812
695
4323
3564
11022
5138
113
2192
9992
12163
5215
9403
5185
5647
5486
6671
2190
1723
11590
3949
1394
5768
10667
254
2009
9520
9316
8856
8016
5619
6624
10678
7103
12070
3237
4009
1763
3228
8495
4602
110
8124
2009
7643
2535
10256
7192
2632
8960
6719
5130
2543
331
11789
1168
7667
11268
9721
5140
2542
2071
10535
5733
574
11173
7845
7872
10810
11248
9862
7518
8977
4112
5581
11723
2468
6908
12034
6809
1854
10710
3063
2030
11511
3598
5690
10726
8000
2638
9592
11336
3568
11346
754
2555
12086
5932
8015
9216
9824
11763
1441
2467
157
8690
6952
9657
1995
6295
11912
3001
3163
9380
11594
1073
7888
7496
8420
9248
11032
1524
7368
7371
7346
10400
8366
4467
51
2540
5922
11856
8044
10503
5556
7595
2144
6394
2743
1086
7354
10384
5778
8294
6916
11514
11393
8742
6333
10676
10086
9692
9001
6429
9225
8219
8480
9280
5701
2640
10181
4671
3382
2965
4285
2291
1044
2225
9372
11010
11271
12249
2004
2164
489
3458
7308
7402
5138
11170
821
4201
2544
11340
3314
11359
8029
2268
1844
3417
9743
9611
6239
9629
3997
10107
7184
9209
1332
11553
8792
3296
11874
6185
1214
7506
6348
6885
5271
3168
9495
9202
12209
8728
5136
6157
6551
3112
5351
3150
642
2210
7182
6036
2414
5020
11428
8631
9909
10750
5757
157
7082
9871
10674
8849
9001
4179
9594
555
7281
3610
10660
8010
31
4045
5398
11073
6957
8380
1601
1639
12230
9541
4698
8400
8187
6265
9961
144
2622
11549
12221
8209
7964
10933
10608
892
6801
1705
11688
465
7939
2788
1032
1613
269
6524
4473
1831
81
8648
4718
10327
273
9564
3123
9168
3902
10189
5215
5554
6458
522
2245
2674
4373
684
10763
258
11133
11508
4078
2534
7214
6352
7144
4915
10193
10168
9792
3391
4700
1196
8519
9850
1846
1533
6031
9781
6033
411
1134
10277
299
9781
3177
7414
11587
11094
23
10362
2405
9484
5086
4437
8205
8039
9804
2318
9620
4328
10104
640
5936
1527
885
691
9639
6733
2488
10789
1194
9330
3657
4038
6073
2475
10784
3620
7734
9157
9778
3838
7492
5301
11059
7941
8369
7310
11641
6477
917
499
4486
4349
9070
5642
2701
6009
9081
6833
7604
2191
3352
6282
2558
2749
306
