5508
9864
6305
11346
8140
351
85
2740
4974
809
8958
4062
10821
8750
4568
11034
9092
6199
10959
11618
1347
11786
4199
2692
9986
8469
11964
2831
427
8437
2653
3192
1793
12135
11615
2898
9299
2521
8238
9157
8589
5076
6894
3548
11563
8647
6657
8991
25
4983
4728
1118
11754
8552
1979
4278
3637
576
12148
9645
377
4370
1341
2817
8757
8110
2474
11895
5254
56
8932
7372
574
1256
11037
11208
670
3985
6182
10626
3208
5497
8774
8755
3775
5457
3391
2610
1035
3287
11066
5164
6779
2796
4383
5881
5098
9251
6105
1579
5247
6566
12286
7549
9129
4078
2536
12030
5635
854
2231
11304
10711
9160
8254
8276
7692
5858
2453
5678
10601
2430
6225
11845
7284
1352
11199
4634
6686
11976
12204
1540
11656
3075
12048
6280
7104
12144
1566
1992
9934
3489
5317
9669
9003
5602
2806
5639
4988
3016
1350
9848
9225
2709
1602
4363
7570
3689
9193
4778
181
1696
10053
8654
5629
4689
9207
5836
736
8178
3055
481
6151
5804
5642
804
2417
8082
10337
5752
11836
4262
8803
7005
6223
5836
1145
6996
8500
4747
9215
6796
5031
11725
10120
10029
9888
2372
3889
6129
4512
11747
977
11600
320
7300
9974
5120
11437
10334
8971
11126
82
4319
978
11459
11346
359
5741
2539
4614
9599
9519
2294
4357
2102
920
11720
4467
9214
4552
11869
6672
2574
354
11074
6251
12096
6479
9390
6786
4399
6432
465
5335
6483
8383
5969
3802
11446
11895
10045
12187
9283
1086
1579
12243
7089
8991
2397
227
2591
8635
878
7281
211
9773
1863
10406
350
7528
11597
10344
3741
4638
5797
7513
11588
2944
1954
4101
780
10565
791
11597
2189
12199
3856
11538
197
10070
9304
8933
5051
11249
5145
11371
2086
7053
8668
5878
11535
6512
4202
2720
10817
10967
6433
7517
3567
12212
6368
12040
5129
6858
4549
9242
8508
11483
7235
9371
6494
10724
1503
525
9082
1640
5110
5842
8879
2553
11871
8754
6926
11109
2530
6725
8987
8586
12174
2403
6168
5773
4120
542
3859
11304
10318
2959
9931
4715
4812
9102
11404
10505
7959
8555
11350
8073
832
1546
10745
10497
3784
1987
7116
8093
671
804
10970
5511
6030
9149
4795
2769
3842
7148
11467
10506
10379
10993
3666
8905
10994
3603
10494
10790
6235
6017
12043
4091
3193
11196
1695
3821
9245
11104
12012
4508
7397
1043
10953
11411
11813
2583
12139
9011
11389
28
11886
12164
3175
9160
927
5396
10653
1803
5712
4295
5176
3844
2652
9905
1707
11838
2314
5125
3451
8719
7445
3808
627
121
658
5756
4644
9848
1551
10911
1986
10290
9535
6678
656
1324
8370
9621
8532
4239
6780
8641
609
10456
2070
3401
11522
6625
1967
8771
5987
2790
5497
1248
11405
594
7818
3697
12185
5959
7308
5238
8614
7471
6395
2013
6235
6484
5895
1739
7956
11515
8945
11699
1013
10714
7488
3186
5532
1963
2284
9587
1427
11451
4048
8908
1162
7287
9548
6390
6270
8124
3844
5060
10603
10245
2321
640
7884
12260
12245
3653
5562
4304
11192
1742
835
11673
9995
8601
5253
9312
1212
9550
5201
11868
11305
9363
6515
8885
3641
9319
9095
3631
884
5562
2504
8290
2150
2788
7058
1560
1249
9715
7844
3105
12124
7964
10288
11323
10946
713
5130
295
7987
1708
10843
1246
7806
4963
6560
5011
4688
11590
1709
4740
7415
6576
850
6254
7711
5578
4070
8196
10900
570
11925
2262
4586
5288
4082
3606
3562
3958
392
7281
8195
6841
860
7289
5268
5751
10318
7767
1455
5003
9885
10176
161
2242
9210
11070
9995
7917
7081
298
8610
2101
10560
8512
1419
6262
11401
8962
1610
2391
7698
6244
5402
11154
6278
4482
4735
7359
11948
9397
10944
611
11807
444
9381
2294
184
11479
323
8899
2866
10488
65
7038
10631
8281
2707
7576
9804
10804
4814
3378
10443
6359
2855
8666
4323
10222
4190
4978
829
10379
10816
3896
9086
7757
5088
2803
8267
971
5801
9091
3444
12020
9292
8017
940
3786
3344
8232
1567
4755
1183
14
2462
5994
8994
7640
8890
6915
10073
4589
9941
8034
2269
2534
7903
6773
4218
7652
2636
531
9552
5177
6713
2531
8004
6778
11041
6923
4131
3868
1149
9458
11219
10817
1858
1738
5572
7389
3549
7906
4473
7919
5694
8055
2597
5238
9529
12145
2675
8468
11136
4675
6505
4899
11327
7086
11537
9006
10704
1950
656
12219
3026
11703
10438
4397
5823
5805
2106
9360
8474
8748
10190
3143
2794
6231
4323
2493
1596
11385
2915
7781
4475
10387
6116
12190
12002
1968
6312
6091
11414
2557
3298
6038
9436
3367
1430
15
3133
1690
6239
1676
1113
1802
3179
2775
8096
11883
11805
5323
11066
1461
5792
3601
3588
3482
8417
6019
5404
2785
3776
9177
1537
6421
9168
7102
11038
11339
4716
880
8230
1993
10885
4403
5701
11442
11810
2415
9083
4132
3847
6444
1967
935
9489
11117
1725
9900
8942
6404
200
10252
4396
5188
10594
9637
595
10928
7401
3637
7597
281
11891
7646
5862
11532
319
11882
6986
11386
11184
6652
7233
3120
4820
11283
982
6361
10712
11231
5987
11956
3444
1372
5753
1041
7123
10665
3244
8755
2909
3523
2188
10450
11056
4885
8122
11607
478
1659
5676
9250
1510
1700
2122
2493
2870
10953
6671
4238
3348
9525
2495
7396
228
5773
3563
12076
7128
11692
9347
1582
12093
9997
4587
3679
5938
10475
708
8024
517
9095
8481
1063
11590
1756
6866
4772
7591
10192
1160
7164
3586
4951
10876
9827
3945
11115
1905
8842
5097
902
8647
7909
3072
5163
686
3435
2659
7493
2348
79
3219
7312
1594
4854
4219
2470
2118
9776
3657
1712
10164
5087
9106
3679
6238
4828
6632
2095
5978
9052
5972
4648
9676
770
9533
9141
8412
9344
1650
742
6933
10733
10756
9217
598
3728
633
3665
7635
9976
4120
194
12086
3925
11342
7579
7705
1419
9414
10503
11238
6173
3568
9433
1645
10532
9112
5713
6164
4096
9588
5684
12169
5916
6632
4092
505
1217
4717
6726
4229
7537
1375
3564
7579
11969
12243
4070
7414
9942
191
8195
4530
11734
2751
6790
9931
1076
9868
9848
7825
4873
7006
9785
12094
9884
8518
9719
1205
4771
5617
9871
4133
4969
5882
7028
5628
12211
9721
9307
12206
12115
5124
10448
11751
8848
6446
8608
3873
1715
10982
9145
1158
4533
8721
9797
9382
4596
998
4756
3795
8255
6796
6862
9703
6952
4891
3480
7501
11689
603
1669
10795
5235
4631
9399
9196
10711
1284
6175
4608
8562
1304
5141
11206
3771
4702
9094
1455
458
11266
6975
9345
1459
669
6715
5172
592
2936
8805
10465
1644
8798
3581
11720
12047
9663
6174
7813
5400
2965
3488
8113
6639
8723
2170
8930
3887
10922
8485
5962
2065
4776
10258
11503
3161
2418
2805
6820
6858
5012
9692
3263
6460
11203
9655
9488
570
5353
1261
2379
4758
5503
4550
6783
1269
54
9165
6149
5338
4349
699
2742
5700
9976
1800
7639
2510
1711
1384
9502
3317
2648
3006
8311
403
11102
11578
6745
12118
10227
2865
5991
1021
5206
8803
10143
6798
9192
8192
10991
5953
3477
4299
6102
2072
6721
6028
5071
12165
983
5754
2471
2209
102
12257
7785
6124
3502
11255
7589
9966
9697
8557
8924
10336
12051
8460
4790
10528
9911
4002
10670
5445
10081
3567
6467
8532
1218
5424
6271
5032
654
822
12
3974
7950
619
6183
8533
4428
6795
6658
5662
9916
5775
4780
258
843
9069
4515
3710
2165
11445
9350
4255
9506
4343
11561
470
8838
4224
91
4991
10687
11218
2144
2450
6063
355
3483
5523
1824
5087
8836
8722
6620
9933
5954
2474
9775
7150
11512
477
3240
5838
1879
156
11331
8374
11180
5984
5806
8299
6353
1845
9730
11926
9289
9517
7763
7275
9201
6236
6834
3355
2712
5872
10887
4978
2421
11106
12030
8576
6941
10465
5441
5178
7396
10018
12252
8574
792
3998
6946
875
11448
6007
7856
2811
10236
4726
6400
10867
8613
7231
6290
3588
1698
12007
829
968
10939
5418
2087
59
3152
1222
7875
682
5348
12167
3247
4297
569
7123
10577
8356
7089
6048
9332
4449
4792
1437
7711
4719
1027
10587
5920
504
8267
9932
5860
2777
10872
8897
4969
10186
7102
6660
3535
6453
11117
11609
8990
10346
1109
7297
8798
581
8512
4047
2618
3274
7001
4142
10989
4994
3516
3070
6437
9313
2101
9319
9339
11134
1010
5863
2720
9235
10705
7546
12205
9269
11096
7087
3828
6421
8763
7963
10339
10446
10421
5377
12127
624
1440
9675
11835
11468
11402
11264
2916
11387
9431
4297
8987
395
3240
10601
11771
6884
2048
1375
6911
8287
4903
223
2999
7447
1303
11366
2581
5081
1167
10501
10694
11015
9492
3581
7482
1665
4445
2647
2942
11129
9405
4298
10607
9470
8493
404
11352
7940
649
9367
3065
1910
734
3967
5949
1082
320
10675
2115
210
6002
6116
8297
11798
9603
39
5474
7424
8405
10503
853
6312
881
3255
6883
10252
4216
4839
4251
3019
606
2856
7445
7642
4351
10817
10562
9104
1655
11486
11425
7512
5654
11819
2749
5787
4848
12008
10600
7831
2823
5627
4300
4587
4938
4111
4272
10596
5620
7906
10564
252
12121
4708
5447
9660
2128
5272
7946
2728
10631
4211
2172
6489
723
9470
3317
9793
10719
6426
2715
11198
4123
6853
4626
659
9265
1589
11844
313
1435
5071
9374
11897
8878
4501
10173
6508
5483
2486
4034
8745
7851
10152
3881
8218
6233
1364
3606
2791
2074
6767
10567
2132
11323
2784
1273
2509
11403
5216
708
6720
8146
188
19
