81
3869
2473
5823
3491
1662
6551
5381
10897
3044
11843
2207
10212
10634
12087
2533
12204
1424
6076
8110
10781
10498
5975
2257
2450
11224
3192
10402
6525
331
7022
2671
2892
2733
6391
9274
5796
9653
1017
9268
8869
3692
8195
7849
7702
1286
10524
8349
10223
1804
2619
10307
3875
9170
9943
8479
4223
12
11852
3985
2499
5937
3813
2883
2884
6214
9749
10655
3602
9554
5822
8863
11129
4551
12261
5393
7205
9428
11614
11332
7973
7346
1000
5121
12168
6352
6130
1104
56
537
6397
2468
7492
618
7486
129
3537
218
2598
6738
11376
8740
2669
2554
11980
1215
10989
6870
6259
7691
4511
5023
4799
9273
3493
4870
3052
5979
5349
9171
9218
573
7515
11425
9345
4280
11146
3933
7729
1385
2352
3013
543
8546
1768
7027
541
1256
1406
9166
9820
3243
9064
166
2530
9544
5743
3832
477
12122
3635
12027
5481
5143
8868
10709
5873
5238
5490
1952
9940
2895
3802
4850
7221
1733
792
2097
1408
10192
405
8833
971
1792
10018
6723
6649
11479
8523
1809
4808
475
5507
1865
7948
2221
2467
2923
2855
2537
10643
1371
11105
1400
6337
2441
8908
4583
12055
6464
9575
2488
10643
5349
10323
7740
8002
430
4001
2816
3400
3778
776
9692
11784
775
8306
11303
10189
1915
2804
5770
3249
1546
4951
6189
7950
10217
4812
7332
2743
9624
2798
2914
7903
707
5492
2119
2687
1521
11514
11192
7602
8833
4613
2583
4491
5715
9858
4041
782
9016
9020
9066
8208
4987
6473
7792
3848
7111
11050
849
5692
1773
9708
6678
11973
1997
10919
1386
425
6765
10114
3968
997
11255
11839
5985
7861
1073
11580
3350
416
1795
5039
2619
11248
3707
3042
1116
7651
9039
4488
7509
4139
892
8168
6307
10619
3897
3827
11736
3894
11577
10862
12258
569
8535
6128
4661
10780
879
8245
4876
7688
6599
8610
5253
9717
9497
11800
3308
5595
9994
9067
6104
6705
11276
8914
1752
11435
8740
7878
7747
894
10199
6788
3662
7673
8551
5731
2567
6679
8377
5103
9229
1277
6046
11259
2580
6094
11496
213
14
8168
8185
6085
5891
4276
9214
8079
10963
4350
6505
11105
6534
6486
1139
5245
696
1540
136
775
7273
7451
11080
920
5849
12219
2945
237
7758
8079
7451
6627
4003
7169
10564
8296
12166
5027
3523
11028
10321
4609
7964
12242
1734
5462
2535
4277
2998
9596
10861
4699
4645
2694
8335
9179
7144
10628
954
10048
4199
8396
10877
5245
7384
9429
2042
8009
9294
5831
8618
10679
3229
1980
5758
11605
10284
7361
6170
8310
11017
11929
5109
10922
11225
5640
2951
4144
7486
9436
1126
11024
4366
5918
8397
3544
5541
5892
5962
7595
6234
6408
3794
9234
4488
826
4048
3117
6274
1572
11345
4743
6437
7652
5805
6962
9822
3895
4556
11734
1980
9523
5144
6245
2998
10815
4621
3899
501
8806
2292
5974
3846
1149
8149
5523
7847
3437
12053
4551
37
8181
445
4027
7355
10054
1132
3015
269
8580
9614
1464
9886
10783
8331
4472
3271
3325
3928
7078
12118
1665
1966
4976
7893
8395
5486
6542
7671
545
5857
1664
6164
3416
4956
6580
8079
1855
6580
1621
11873
5282
65
5160
9562
1032
11087
7843
340
7721
3635
6079
9339
5522
4169
8887
10157
2270
2470
4240
11438
2344
5028
8480
11662
9953
7273
720
10392
11008
10110
11921
11010
9740
665
7238
159
4594
442
4851
4475
3794
1258
6315
7674
5055
10503
10422
1513
7523
83
617
5956
6524
244
9182
4047
11303
9713
3866
9569
8229
7850
11537
9539
289
661
1856
9739
609
3831
8746
11778
6073
6670
2162
934
9636
7738
2427
7085
7430
8348
9857
2297
10586
3813
4688
10084
6357
3302
3014
6401
9528
9502
7173
1324
10220
1788
61
3467
11179
7019
10901
6253
278
7658
7182
6846
9357
7085
3182
825
552
12192
6098
10609
10593
918
1552
12289
4465
5566
6552
6390
6475
960
4745
882
9016
2611
10687
6958
11395
10298
10986
9105
2559
8383
2439
8162
6596
8484
10413
7955
11745
1666
7253
7532
58
11402
1351
1754
6918
3070
10451
9521
11142
4678
7011
5179
11441
2515
6119
6506
9078
5809
9313
2699
8627
11075
11708
6252
11224
4232
4328
248
9242
1559
7431
9388
3307
3250
2460
7066
1137
6165
4736
9137
11913
7898
2853
449
3698
6293
5405
10821
5773
7271
5327
2882
9664
5938
209
11448
3918
11658
6187
11067
9906
5311
10173
4109
2001
11880
6658
7416
12229
2168
6900
6509
10006
5119
3346
4697
102
7730
11882
9736
11902
9476
8394
10062
4502
699
12139
5157
11566
11649
10803
7434
2044
6263
4352
9967
10081
4318
10722
8572
499
11885
2840
2584
914
5522
2163
9272
1254
75
3405
7669
9087
8122
7531
7587
451
6549
2750
5819
8307
11555
523
6112
7787
4150
8697
1962
4795
11378
11989
5569
9738
9714
10258
11344
8040
533
10539
3859
8057
5043
5563
9500
5160
3181
2234
9116
1392
11607
9457
3668
896
9469
3151
1674
2294
5165
9395
7822
3211
4288
11319
12014
5644
5979
7593
10937
4790
4083
6799
8502
10968
2553
4951
2453
7875
6871
3561
3518
7003
6943
7219
3652
410
1011
8335
10906
4429
5842
36
11952
1758
1459
12004
8057
4067
4659
11749
4272
8871
6677
3455
9007
8953
5704
7368
2727
973
9179
6320
3785
9029
3857
4895
3888
3118
1027
1901
11507
11969
12038
7220
3370
10430
6496
3445
3631
2541
10589
11091
7611
8640
157
1245
11024
8476
10155
3062
10683
5058
6223
8125
5988
4727
822
3405
389
7439
11681
538
10975
5151
5846
5871
4877
9858
2794
11774
10067
5744
4606
2056
10756
6843
3848
12
3341
11444
25
1758
4406
10407
6769
8739
6147
9194
3036
6472
3928
2099
5197
9800
12006
7775
6087
1438
2896
8198
3451
5937
2823
10759
9903
6033
1524
2081
8859
2694
10851
9438
10214
1922
9624
11762
12273
4829
12154
5469
10732
7778
4751
1730
11928
1016
12046
6000
9097
5905
3435
4829
7097
8312
10300
11990
11562
5240
7405
7200
11257
2108
7442
2443
9886
7089
7379
10228
7710
3746
2395
3919
7097
3413
5923
9808
4744
7183
6404
9770
3551
10336
2916
791
4463
11692
7376
10613
6595
3688
8302
7454
6519
1461
706
2173
11263
3626
6869
1095
9057
4444
2478
3065
5904
7365
10515
10423
5090
5378
6883
11896
5889
11024
7571
11358
8708
10192
6504
3247
6038
1613
6756
2151
4127
736
304
9433
1260
11106
7522
2771
9822
6777
9994
7747
177
1849
10102
389
12289
7172
3758
6584
11171
11900
8342
3786
3218
1938
2113
3135
8430
11733
376
6652
1279
4197
4813
3778
4815
2044
2513
5551
817
9773
908
541
10887
3423
2123
12138
5182
528
8988
10692
5759
8974
4560
8201
4183
1178
3964
4343
1350
7750
5402
9666
8734
566
6389
5088
3080
9803
8019
4124
1449
7793
7514
11487
6101
8906
2095
9389
11260
4510
3772
11265
10792
1808
1200
9910
1589
11511
5220
7833
51
809
10601
1428
4770
11927
6775
1104
5334
8969
10467
10557
10580
2574
2154
2731
3661
7695
3271
1406
4511
6147
1144
6543
11552
3640
10302
2122
11444
3178
10499
10960
5651
6002
5716
3995
3392
6587
3624
11877
5359
12190
4590
9544
5210
9976
4088
6126
1841
6284
10656
6705
7150
6089
7276
5313
2184
2552
5778
5554
4910
5424
8811
1302
4759
3375
4272
7792
8547
5488
7691
10259
1682
250
12280
11310
12115
267
559
8678
707
2283
7069
1549
6347
2764
9844
5244
1168
10257
4377
1496
9405
2576
1911
2261
11
2217
4259
2589
11941
4805
6651
4799
8938
6094
2285
8690
8266
6492
4676
2791
1701
7366
11266
2099
1674
10823
270
2638
10234
6545
12166
2150
8993
8421
6026
9650
11816
6286
7603
9013
8208
5954
7491
12113
6714
10303
9405
4383
1795
5537
2210
4203
9376
7965
3527
10450
5802
10621
15
132
8565
11392
3944
9809
8892
2525
7974
10492
3532
1719
3259
9299
2005
4571
1747
7605
3249
404
1694
12143
11218
2754
2009
8238
3447
2464
5362
5053
11223
10670
3966
5147
59
4714
4996
1223
2463
919
2450
2367
7453
119
11866
5912
10730
2452
7564
10154
7525
1981
3517
8523
3525
4024
5755
8682
804
8659
4351
11909
9367
5078
6374
9098
1561
5404
11248
10725
12038
1450
2498
5196
4316
7843
8405
7849
4733
2090
10426
7357
9044
8932
9698
2090
12034
3440
11068
11033
9689
9429
3157
3357
10092
6095
8818
1976
10338
6003
1724
8288
6163
9483
11610
3692
6192
3721
3924
7204
4383
4995
9495
9568
6963
4585
5508
694
4248
11560
8106
1044
12280
5944
9501
5427
4973
5402
9027
11520
6219
862
1329
1822
5891
2356
9389
7260
12220
10666
1768
10442
10396
1767
564
8969
11729
10575
2567
6395
7949
9917
7917
4291
6069
9843
2857
23
3782
10756
564
4997
8261
8408
9034
5017
4809
5531
2918
1002
656
3030
9751
6100
5465
2788
4445
7946
8879
8788
211
4161
10800
6923
8917
265
5208
3150
1418
8976
1786
1285
8318
5522
4350
991
1029
11293
10985
11210
9010
8432
637
5187
9706
6704
1294
689
11402
2845
9430
5435
3967
9595
3693
7669
559
963
7388
9240
1486
3183
4184
771
6145
2011
3416
11824
10761
1688
4933
6689
5799
5938
3788
7528
7683
10972
4538
11547
5775
9070
7443
8972
7795
3749
7404
6581
7168
3195
8908
3103
3821
1742
7097
2193
3459
11574
8644
5850
11410
1848
144
7518
1062
567
11933
9495
11669
4158
10992
8839
5026
12163
4099
5441
735
12187
12021
4009
11829
4200
3685
