11107
5803
11443
4593
2252
6656
6557
8049
5193
4444
4485
1678
7939
2142
1108
9685
2611
4005
10961
4621
9867
7105
6326
5648
4538
4536
2553
137
6029
11456
4853
9387
7141
4476
6609
11254
4411
3983
5454
3361
3942
9025
2629
4254
6146
12023
12023
10077
3249
12010
8406
6232
9038
1463
11816
7160
4017
1088
1518
8862
9946
5660
1884
4642
8434
12002
5298
981
7701
3162
6188
7063
10143
10408
9966
4929
4224
9757
11371
8321
7999
3446
3103
4920
264
5789
2929
1022
8551
921
4641
7262
9556
10769
5399
10460
278
7578
10421
267
473
5930
1822
2677
10365
4462
2455
2550
260
3666
11991
3664
7706
8870
10399
11317
5918
1200
784
2971
3059
3036
9062
6307
10623
11241
4665
4494
1248
7352
4937
9670
2816
9782
5899
7798
12222
9331
6654
11463
10481
8076
5473
7891
10192
6571
7529
11279
1294
7653
1928
9088
11259
6849
3331
9824
6460
12091
8370
7743
5401
5579
7485
218
5748
1147
1912
6285
537
947
7646
3856
3138
6301
11011
6738
7340
7917
598
10117
10676
3702
814
7815
34
4667
7185
11009
5720
1865
8198
2557
10806
8071
7308
7588
7195
6272
1478
10363
5332
1729
8471
8998
587
3042
9112
10968
10747
9992
2930
4131
6758
5116
2763
1900
606
6430
4315
5744
4797
10459
9811
5648
8173
4844
12076
3427
4498
6790
2721
5161
7742
3453
5405
794
10183
9270
11355
9538
1086
4548
11458
5892
4456
10868
6905
9969
7759
7654
6537
6578
10634
8382
3005
6806
10193
10647
1509
4564
7631
3139
3457
11327
1632
920
4986
7417
7344
12244
4419
6056
10026
751
8743
5436
11682
9783
11799
1804
6295
3068
10821
12204
51
8474
1536
4781
8479
8631
2363
5782
1282
1078
5399
10364
749
3275
7030
2544
11735
2432
8428
9692
7579
9902
247
4470
11
1406
5625
9591
10714
5606
8134
9615
8426
3673
4942
9999
12285
10563
6060
532
1669
8706
4737
1892
8544
8558
3267
2261
531
8317
2994
3633
11891
5069
7549
10366
1655
3827
9710
12195
6289
7566
10507
9081
3442
6305
7356
12192
8796
4427
8799
2154
1692
9792
10014
5662
10189
8512
2676
11785
455
11471
1087
3651
6214
12118
8895
6489
10597
4123
11188
9715
3024
1118
5836
8858
12230
4728
9168
1636
4946
6446
10007
5953
1280
6214
9422
8209
8088
8722
3475
1877
1850
10968
10298
4355
10988
3115
6035
5051
4343
6034
2164
10651
7632
3007
7066
11805
6390
3126
7046
1256
10695
4321
5029
6783
8444
11347
8004
3987
11209
6326
7284
1456
1943
2901
10826
12211
11421
87
8349
6993
4174
8662
10605
5771
1307
9651
1476
7338
6701
11510
7144
2281
2632
9091
234
2935
6407
7775
3466
8254
11230
4187
9408
10270
5459
5009
10633
9633
4606
9117
7032
11294
2165
114
5983
7879
6386
5444
6627
10858
12262
7460
7291
11013
4649
5739
5328
1622
8301
4355
2210
6598
1558
8957
352
7989
1478
10947
11707
11214
1172
5579
12203
1504
8473
8669
3165
12082
6991
590
4104
2774
7730
6522
10752
8153
7389
1293
1293
10759
6586
4564
7422
2946
8083
10091
4102
5866
5302
6735
9063
9438
10709
6025
7922
8521
10053
3475
12195
2854
5328
10129
1331
2663
8801
181
4625
8814
3031
3768
2168
8243
3253
3922
3067
8759
9377
35
10811
1013
1645
4993
5358
976
5149
827
4990
10756
3083
5860
6609
11530
10281
5386
11631
9409
11366
3305
9174
4181
4076
11945
12000
8344
6788
1608
8390
4214
9410
8812
1710
7306
7629
6875
7306
2426
1835
7849
11475
5886
11785
9663
4932
9029
3692
11512
9679
4843
11427
8361
5350
1488
6624
5175
10016
3429
7984
2097
3801
6010
7627
10493
2290
4929
8581
7191
8525
10642
6820
5155
3240
10529
685
8736
6034
5837
7659
11966
9016
10014
9300
8097
4351
5370
3999
6505
12282
4334
712
1516
1390
6698
9923
944
1340
2236
6597
4190
3872
11646
4870
4739
152
3388
11876
809
5127
11218
10032
352
3979
11714
2568
8974
132
3288
10532
10430
11729
10326
3642
4140
3108
3167
956
5748
1266
1088
3646
8691
425
12031
7527
1007
5264
11786
7543
9029
2716
7960
3188
4658
8472
11937
3869
7603
5494
4279
8809
10142
7238
3488
7184
8378
4539
7494
1165
7325
861
4642
10913
11510
9013
2298
1516
3303
3166
7095
8752
8591
281
1708
5746
6637
4881
275
3068
5560
2547
11400
5266
1148
8395
7685
6170
2715
11194
4881
7292
7588
10447
11999
10088
11947
125
8987
10901
9846
8595
5462
10004
5071
5484
3392
10400
1735
2190
11198
6322
10000
8692
188
5853
8625
10250
10128
10808
1858
196
5182
5815
797
5411
10593
8076
5971
11844
8465
107
3209
1532
851
6768
1336
494
1816
7893
609
2658
333
3108
10129
5927
2193
4197
2491
8219
8565
6262
11661
6638
1182
7624
2873
1840
1441
2015
8304
10939
1993
2531
1801
4006
10488
4183
10840
6440
2938
10422
1682
1449
6657
10318
6366
5207
2149
5869
7346
694
407
7409
7446
9053
11296
8192
9940
6335
10872
12259
10438
8096
10952
7372
4673
10782
1313
9486
1420
5716
2738
7815
2945
3711
3657
8562
5005
2574
4737
7239
9390
6231
11509
713
11780
10315
9822
10569
8943
1950
7765
381
10894
3463
3017
3263
5096
4109
11807
1085
6748
3690
4019
11348
10881
9009
12126
1408
9756
6474
11190
5353
3231
6727
2915
2783
5088
4060
11374
10018
10972
9579
6020
5229
6633
4000
9638
8582
1858
12157
8069
6924
316
9797
7548
7594
12072
8893
2707
506
9581
9717
6989
9585
2643
9403
10502
8758
10699
4670
8407
1873
1360
4511
3213
12045
9321
10999
138
8570
7069
9204
8266
3227
2606
1111
9593
4376
9434
4015
8960
6703
2869
4231
6386
12241
402
4496
11234
11288
6607
9227
3204
2413
7095
9281
8336
10445
28
11708
8498
3635
5191
4660
8218
7760
6861
4257
11557
7209
12195
7313
93
3307
5449
6195
11855
10726
5304
11764
10474
6916
3251
2913
894
4676
6846
1640
6683
3330
8465
1762
8462
3862
5324
2948
793
1502
5105
2478
11639
7891
2515
3576
10903
2747
154
3416
9439
5892
10358
10842
9179
7482
9864
11038
8779
7970
10644
2174
5929
5961
4530
9073
5665
5751
1824
2691
9395
160
331
5570
8048
9887
4082
800
2586
3569
5191
6657
8529
4360
6873
3143
3813
7212
3002
6219
2709
4128
11800
1264
7239
6313
3018
4130
10439
1343
1695
9647
7457
9255
11436
3895
8050
8908
1603
7842
2830
1096
972
11014
4016
3270
5741
7473
1304
3046
4655
9996
11924
6265
11413
5339
12122
2421
2619
1879
3890
6271
824
11215
7622
11769
10980
10976
11913
10238
8896
5847
4495
970
57
12268
3221
6971
1929
5526
5956
11531
4820
1377
11068
7558
3541
4166
8020
10543
745
9083
8320
11167
1050
3245
7562
4981
9441
4547
8616
10759
7647
10856
10832
4479
1228
870
8763
11215
8245
460
882
6595
12058
4619
5304
1766
8610
9136
10875
9683
3383
3092
5495
11655
6717
1934
8666
7494
2072
2045
925
9222
7240
8642
2448
10200
9860
5360
11754
4809
7419
1957
3826
8230
3164
816
11038
11286
1616
1748
5247
10946
4245
3449
9427
11015
3285
4508
10479
9491
676
4560
4772
1548
215
11123
808
5067
4755
10599
7366
1295
5486
1987
6762
3693
1367
4985
8725
6803
4827
2440
12124
11245
9464
5859
7244
1966
11524
5071
4847
3399
568
10099
995
9237
4580
7586
11440
8431
7071
6216
7175
6746
1941
991
7039
1064
6898
12052
5780
727
8951
1625
8715
1407
1058
5269
6688
1733
9145
12175
9271
9892
3670
4757
3260
11344
12234
2744
6817
124
9736
981
11845
3057
8212
2270
2425
2386
9283
11001
5894
5442
599
7634
10191
832
12062
2215
1003
7559
2091
11935
8237
10290
9983
4147
302
7048
11085
11527
996
6886
1320
7326
7618
2661
8230
6758
7162
12202
6508
9296
4027
4016
10743
2004
11669
5596
11740
8428
7920
12181
6604
1481
3375
4470
6123
7511
8402
4923
2745
9216
11562
4112
905
6005
1712
8658
7960
1679
8702
12106
138
2294
11461
4182
10987
9465
3255
2383
3408
11436
3334
4614
3091
5658
10291
8139
5134
5851
11040
5767
3135
7637
2213
6565
8181
9322
3601
6685
7275
10079
2920
3278
11425
600
7307
6271
12158
11908
5818
1934
1764
6004
11313
5128
10376
6249
7928
5435
253
1466
9540
9810
5096
9903
3139
8124
6984
2062
11648
9183
4248
3271
5379
9612
363
5283
10889
8591
3933
5807
203
8179
8569
738
2
4543
8832
2639
1267
7045
11589
7325
10657
5322
4933
7775
8130
9645
7327
6661
8047
2327
9466
11228
7253
11455
4156
5186
2714
911
5596
2033
11981
2139
7864
5519
1657
9364
1304
6276
6432
2806
11046
631
9229
7953
12280
213
5767
3060
11429
12173
6181
2869
11504
7051
574
7667
8193
10106
7653
2328
10767
2544
1474
5366
8351
9399
4530
1250
11632
3623
6977
9872
1031
10151
11982
527
5365
2792
921
10126
6214
6269
8665
10314
3884
2492
1301
6015
4886
1988
11704
1623
6501
5871
3003
5192
8634
10300
5348
2260
2447
7063
11089
6850
1926
1784
11681
10768
7124
3162
7794
2515
8937
359
2323
7021
6522
10120
5438
239
10207
3163
9153
3951
11830
4663
1949
9589
6596
7455
3634
11152
9489
7143
9157
4145
9936
6818
2363
518
8000
7700
2833
6058
5879
3005
2772
5342
401
2739
5295
11806
1784
5190
10950
1857
1978
5730
568
6402
4760
11590
10517
10496
6898
1931
7573
9152
6368
9234
4600
11157
3805
11455
5996
5844
9259
5310
593
