11269
65
8190
3575
9257
2779
4516
5427
4633
10448
1830
10846
5838
2035
8066
8922
7755
7331
1521
3040
1626
9025
5252
980
8351
5445
3651
3215
6432
9219
5566
6041
1039
8713
5051
636
4941
5872
1476
8182
9401
4812
1292
2959
3342
8216
1975
11186
6451
1774
9154
12087
2790
10287
4924
9469
1156
9207
2159
4979
10622
7933
589
4617
2268
3038
4328
1967
4270
10334
8422
385
4150
3977
2511
3173
8746
10362
6018
5831
2858
2078
11950
12068
4702
9136
9917
6252
6677
4714
9721
2999
7711
2771
2978
3924
8523
230
4730
7698
4968
6602
7527
6301
2652
3104
10327
9571
94
1823
8573
8102
1846
11312
6548
3050
7169
4340
7708
9687
3276
260
8050
4112
1409
5563
9951
3405
8274
3715
1238
4991
11534
9377
1853
7412
8222
9546
4314
2881
599
9203
4038
96
449
10206
7835
9119
1255
215
10022
656
3860
9355
3417
1818
2540
4600
6397
884
1357
7741
6536
9108
5959
1312
8812
9092
9999
3870
6705
5720
6482
5561
11582
9749
9822
6848
1886
10224
196
11756
6873
8501
7105
2878
1826
5709
5800
4975
10331
6596
5610
2666
7074
11545
10538
11609
8191
6066
3344
6947
2991
9660
11314
9193
2410
8128
6786
5332
60
9309
11866
8392
3145
5501
6188
128
11135
10374
10200
4034
2036
8335
11263
737
486
4204
6744
8397
10622
6393
332
10609
5980
3750
8593
12138
11687
8685
9545
145
11657
10885
3052
5834
10961
4353
11215
1076
2754
10530
4486
10727
11146
8633
4005
7376
9961
6017
4249
9779
4261
9234
9198
3089
8369
8159
3178
10867
7365
8132
2376
7146
11864
7543
1501
9926
3446
6099
4496
9206
10359
759
9227
8915
8841
9170
10894
6858
8351
1992
4995
8530
8270
93
5854
2413
11760
10119
11568
9630
4820
885
9498
1655
9785
3607
4944
6556
2986
652
11535
1669
8508
9710
5417
6085
12000
9719
5617
5656
2427
11972
9499
3690
2166
3626
1755
12143
8984
5218
2619
1281
10637
5935
1694
4107
776
3695
3627
1568
7782
6856
10614
824
942
10680
3092
4017
8659
7949
3445
3984
8526
389
6771
9217
9157
7643
10072
6382
5504
10641
3156
11762
7730
1367
8885
413
6563
10845
553
11061
3274
7601
10876
10973
294
7255
10152
6901
5305
836
10936
7211
6525
8672
3376
1768
155
6231
4606
902
8926
4956
3953
1380
10929
10267
9473
8990
5590
11033
1207
4068
10142
740
9143
10333
2475
9854
6105
1549
10188
106
7127
1610
8943
3021
6445
5609
1863
6672
7839
4904
1054
1785
555
3478
1331
2352
3768
9057
2404
5994
11831
5562
2476
5409
12035
487
12279
10168
2102
11291
330
7950
3449
6363
3796
10958
10488
2197
8854
2605
1728
11641
6499
5101
5869
8779
1593
12094
10927
10636
1187
11238
4345
1292
6390
11295
10204
353
10722
7179
9948
2971
10887
11502
5209
8044
12116
10864
9279
3067
7641
5237
3306
9087
8365
2591
9070
5195
7766
9205
11704
6714
1434
599
7160
10452
5833
8681
622
10829
10653
2561
9066
10675
3272
349
1700
4805
11549
1318
10889
1544
4858
4856
2916
2999
1983
5770
8872
838
8242
2036
11652
11811
6842
768
9436
4339
3516
7510
10775
6833
659
2837
11213
8790
9864
157
1449
11446
6537
11083
4085
11407
5346
5896
3023
8054
2427
5251
4969
10632
4176
710
6475
3605
6944
10976
7115
5307
5171
6146
5590
7655
7920
1980
1597
981
11098
9043
1758
10548
6095
345
11601
12053
11067
5586
3945
973
8563
4339
5560
265
5135
5471
7637
8473
6359
9763
2514
5124
8541
10485
5188
5790
709
685
3187
5628
9830
6129
9211
8841
2147
5292
9871
3362
2858
4113
364
651
11116
2659
322
6576
5261
2343
6735
2615
11493
5806
1677
4643
8420
3958
1032
3498
4200
2605
3928
3194
2930
5416
4971
11357
5999
3830
852
4940
9460
158
7961
8157
5435
6039
1736
1639
6063
1005
1854
6582
3340
1405
10037
886
3407
7665
9000
7490
11039
3238
2653
11307
11923
1214
3223
11272
6824
7973
2658
5830
21
2443
8713
8858
7464
5336
471
4923
9617
5045
4735
3494
10750
11607
2094
6550
1055
1959
6588
904
7092
9987
4154
10618
9548
8381
6506
4338
6358
4465
2391
8407
11975
4663
9130
4758
6788
8444
6832
775
4719
6363
6935
9612
5485
1648
7394
376
10715
11981
6988
637
11796
1919
5394
479
1482
10258
10235
1973
10392
11734
6893
3697
5402
3522
4746
3680
10869
1796
2234
3135
4685
7883
8865
11221
25
9724
11915
958
1284
1605
4747
5042
5490
8408
3246
3264
6324
1467
480
8392
4189
8281
3982
7552
3543
4581
9661
8032
10161
7329
5618
8154
1269
6001
7347
6281
10459
6795
4718
8617
11906
412
10120
6308
10144
8956
643
5448
5270
11846
