3643
9587
3640
11147
9576
3966
4738
2412
4790
6009
9006
3455
6691
11828
854
12158
7543
8720
676
4082
4819
6742
7796
1801
5077
2420
5719
10987
6955
1
9301
12243
7289
2507
11803
4379
2196
9437
656
2271
9640
6235
6036
4046
9678
5017
7705
6337
5598
11712
2703
5372
1240
4572
823
2843
7341
4092
2325
11771
1990
10353
7089
2052
1008
6812
3289
6336
8725
1862
6474
2902
479
3133
1116
6872
6618
509
6771
3957
6732
2289
8042
6729
8917
2695
5773
6875
4333
4826
2955
10891
6158
2597
2689
1744
3788
5564
7564
11614
2208
8396
11538
1435
5275
2745
11417
11081
6869
6272
9272
870
11744
6393
8372
2721
8648
11487
10253
209
1456
1481
10405
3193
6088
1107
8519
9706
11870
4382
6012
7680
10588
5533
2189
8756
9116
8339
10110
12204
5728
9552
5891
4139
1565
4536
8944
1322
7385
1461
9916
1657
3081
10985
5615
808
10687
679
5574
9951
3334
2075
174
4048
1283
3314
2551
1310
4444
1720
2980
8004
150
3837
6513
1602
269
4409
6300
4544
2818
2494
7151
9240
9985
4010
2177
10730
9405
4942
5957
4297
10686
10743
3144
7862
6049
6525
2275
2696
6948
4453
9522
197
3663
10913
3802
2247
3016
9197
4123
41
12101
10557
8225
12003
8212
9615
2218
8707
437
11351
10463
2339
11833
1693
216
503
11190
3732
1990
11034
1513
7446
9485
5763
6550
9491
10656
3860
9704
10988
2450
11665
12280
12151
6237
6031
3619
5940
1224
4680
8821
6133
11781
1106
1780
8740
7158
8136
523
9808
8721
4104
4088
10931
5085
9088
47
11657
11466
9076
1056
3176
2542
1987
3398
5777
2897
6807
7460
5457
4604
8530
1370
9424
12122
5441
11669
3048
5077
9078
2220
6522
5041
8234
9429
11996
9323
401
1045
4280
7604
8586
125
2101
1618
4334
10390
9741
4058
7117
9223
7569
11974
5681
3773
1339
1237
5685
1131
9341
5175
2590
11049
1640
5059
2977
780
2666
1262
5050
1164
8762
6093
9465
10311
10018
9903
7104
1612
10255
7555
5778
621
5828
4515
8843
6836
9978
2483
802
4262
5867
11982
9731
11202
2731
10897
666
3111
1471
7908
633
5499
6593
4801
1973
1218
1549
186
4820
7073
4916
4186
8840
11661
2146
4227
1859
4512
5798
9185
1737
3495
474
2900
9316
135
7613
9627
10962
4778
9959
6698
6299
11315
8806
761
7294
9672
5361
1119
6269
11460
1808
5873
9887
5429
3227
1100
5745
10906
11612
4528
2778
4533
2081
8071
5439
1499
12051
828
11158
3484
3545
11392
8986
4343
8373
1957
9238
5771
12218
11992
2664
10720
2472
12024
2404
2618
11140
1361
7250
6396
10480
4243
11726
11091
2828
4418
10332
565
11900
6666
7985
768
12001
1523
4998
1243
10729
708
8106
3491
7458
1893
9091
4662
6036
2840
5020
7266
9715
669
7287
325
12244
8935
5112
5046
6306
2654
3463
4124
4094
3396
3693
9662
8135
10545
2517
6762
11867
4817
6822
12029
2984
8830
5728
8644
549
1227
9320
11200
2082
8831
6600
12222
3379
6916
2886
2121
3501
2402
7413
6205
6148
4890
7620
1296
10891
9074
1199
6674
11296
6394
10463
9275
1153
310
8534
11021
563
5659
10165
2058
306
9851
10819
6349
8003
4384
6897
644
7818
11098
11753
3181
11897
2376
1255
2709
4945
5175
9161
843
629
1856
1681
9705
7064
8548
10340
8624
6455
7760
4097
1119
8864
3520
880
7537
436
3567
6750
8974
4688
12267
8346
5156
2626
9015
6579
9946
11356
10633
563
5202
6945
7744
3797
8856
10593
8288
7070
9310
10470
3796
4660
9133
10766
3046
11228
51
10694
1638
2724
10921
12122
6416
2352
7118
6956
6732
1828
6989
8482
3575
8009
2874
7019
7800
9234
11186
6624
5108
1215
8938
3429
9204
4490
4555
5651
5963
7985
8573
2785
6764
5138
10402
6413
8128
7164
4475
3561
2839
5532
9000
11818
3781
2684
2137
11652
6791
4543
824
11118
119
11548
1730
7221
6976
7503
4000
598
10368
4170
3910
929
8030
1905
67
11837
302
4909
9374
5322
8202
7913
2507
1206
11510
3737
8402
2188
9736
7704
739
11111
11605
9255
5027
5642
10027
4967
2928
7229
3152
8535
7308
7450
5609
994
4257
1928
9653
619
5159
2371
10784
707
10885
6211
286
1022
1671
11268
10290
2828
8544
4272
9265
11656
8748
2898
10224
2594
9933
3014
9339
10411
10590
9771
4755
7290
1818
10435
8715
7946
4429
4374
11959
9758
10302
3001
8927
6260
10551
9586
7544
4869
3940
7718
2742
11149
6661
7253
4667
8906
8937
11799
2440
1006
5539
5547
6907
652
8406
10557
8689
2315
8597
1991
5671
2036
11121
10397
4516
11450
12055
3624
564
5398
11458
4157
3283
3020
11655
10657
6657
2914
11325
4169
3143
2615
7113
10614
7804
2534
