-1.27432454562807334e+03 8.93929688156042933e+08
-5.47620235473838329e+09 -1.45012572745943389e-07
4.24158746220964859e-10 -1.48666054587064028e+08
3.04595592199654436e+09 -4.49217506523382068e+07
9.73678028458644295e+09 -1.99841596351613321e-05
9.53443095928818924e-04 8.49458530717245688e-06
-4.56158086429295444e+09 -2.85625383333907484e+03
7.65477326699410355e+02 8.53069758393215291e-03
4.98772906910291931e+03 -2.03200709431717597e+00
3.25908213212695438e+05 7.45716895276830414e-09
5.05844006738395018e-09 -5.71482815064775586e+08
2.56128435008820125e-09 -4.33064584363253834e+03
4.45405183017177309e-05 -2.54125545959559046e+07
-4.27127516502285957e+08 -2.11742403045314369e+10
-4.83827450447950721e+08 -4.86436750104546970e-10
2.84928164348923624e+08 5.23153099941187352e+07
6.44778622434109569e+08 -8.90407868008905815e-04
8.41054310352418572e+06 -4.33362825081818869e-05
8.16870488564256403e-08 -6.36582796222084314e+07
-9.01054392819267082e+09 -4.56512624196471006e+04
5.40389546520860659e-03 -6.58734469692015991e+04
-2.71506555202354267e+07 -1.53533230139735943e+00
-5.54096731080457941e-02 6.62123211282134461e-03
-2.38997549583242647e+06 -7.61789665181811131e+01
-1.27782564131089687e+08 -8.86423904618475189e+10
-2.19115354026090002e+09 -1.30520932717994242e+03
9.13793753358642384e+06 7.76555654508797150e+10
-2.52650351314372730e+09 6.57034104581288178e+05
-5.31241304585090279e-10 -7.75939772536749369e+04
-4.00517567108404290e-02 -6.90053264512334717e+05
7.73895550560506611e-03 -3.60768150305465281e+08
-9.27470550404076494e+03 3.79089392836673243e+05
-8.82446188020195113e+04 -4.97926574906537056e+09
7.92758271217881701e-10 3.19375577350357819e+09
9.34952417275391966e+07 1.03636567771790933e+00
-2.94961187228163503e-06 -8.69208870828732478e-04
-5.91881200563987384e-03 3.76296359609454453e+08
-9.78414826152811584e+10 -5.79160450212148875e+07
2.24737734185201892e-04 1.48628501835197831e-02
-5.94296371053525813e-02 -7.27032504971368098e+02
6.46724293100944969e+00 9.82991271174331871e+01
-8.75921869633404236e+10 6.37124137960755381e-07
-7.86584028020148907e+01 -2.36092107280230207e-05
-8.22427422527762508e+09 7.48996662487043109e-07
-2.80733824594755333e+02 -5.72558006197730496e+00
-1.24921630790696669e+09 7.08595513355643652e+03
-4.19567780328047841e-06 5.24805885951402615e+02
4.91991483493214691e+04 2.32145946584603287e-03
-9.10784139187030214e-09 7.56363829815717660e-07
3.44665403677345603e+03 4.39899587346123531e+05
-5.32433525920364261e+06 -6.10340305735814127e+03
-7.94917011781476855e-04 3.92971414032545424e+09
8.89166489394262904e-01 -4.03291503555230868e+00
4.40431935230888903e+08 -4.92017734877701685e+00
-3.39335496200720099e+00 -1.45664977385939096e+02
5.59663984774433798e-01 5.64825612544820821e+00
-8.27550367238542306e-02 -7.11413622070707333e+03
1.28500010978197292e+03 -5.34385365784103749e+05
-2.68866235739880055e+06 7.94524290398631479e+01
8.98433263761226275e-06 7.82256057254850674e+01
-4.47621170452509973e-10 2.06417551840021217e+05
8.02871918699785136e-02 8.02817641176380964e-10
-1.35044896351240800e-05 -6.56695295107507008e-04
-7.68564885375168250e-09 -2.33808042765129940e+05
-6.78159212247352770e+01 -3.85306920840118562e-10
8.92998051068908186e-03 2.37207107953542828e-04
1.08674174389628001e+03 9.31628498826767918e-09
1.84382611978055867e-06 -8.56464768935862926e-08
-3.45269025579774649e+01 7.38810850888035664e-01
5.96377874927049279e+08 -2.11495833336834880e-08
2.64071892103917438e+00 -2.71756501727634441e+03
6.72331712733415576e-08 -2.24200012747326705e+00
-6.87723634512667418e+08 -1.41936299429224167e+10
-5.08220852411944270e+08 -4.76160255996166570e-01
-5.59698124725701928e+03 8.03728564582180810e-02
-1.25462075492663457e-03 8.73273711307312399e+07
-8.55096853590247110e-05 4.40097627351688147e-04
5.13578482816435059e-10 2.68111189039652426e-06
3.95975998949428746e-10 -1.46140909070507402e-10
-9.04088230107326409e-08 -2.76352741929789353e+06
9.99929264491910112e-10 -3.70969203138927506e-01
5.39676682983629974e-02 -2.04890798550572649e-02
8.21900823337714974e+04 8.89294735376980869e-07
-6.27805091517579346e+10 -9.59476741313705475e+02
5.78247896087968445e+09 -4.25497202941249609e+08
-7.63434675683827777e+02 -1.13122425832689858e-06
-1.87333613274528671e-09 -3.18556676162640151e-04
2.17242127516025533e+02 9.67694425789681620e-09
-2.74929168808714409e-02 -1.61225915468084039e-07
9.82663986812940087e-10 -8.81401565490741135e+00
3.55433798044171190e+09 8.74603127870995586e-06
-6.56948267872430201e-08 4.94799857091588819e+03
7.89246609275522496e+03 7.52524783526836836e+04
5.38791367461309081e-02 3.15433297758314180e-05
-2.18715887048345423e-03 -4.58462616886908521e+01
4.82639345352350210e+03 -6.04174228010304947e+10
1.47560273885987325e-04 5.13252730617140962e+00
-1.24405744007290993e+06 2.40903825098053720e-02
-7.31917181438428543e+03 4.96618568223024532e+07
-8.43149654015127867e+07 3.19777099853093885e-08
9.27572097752070613e+06 5.82174457112150421e+10
-4.15008921607089013e-07 2.56090236863741811e+04
9.80982926069999053e+01 -1.06419363751812037e+07
3.12848318972173425e-09 -2.81696213643261384e+00
5.28542482430730161e+01 -1.36607483214566694e+06
-5.40084837013569123e-06 8.45047378603081964e+06
-4.02684378308174473e+01 -5.84775453464920521e+07
8.29343463647625256e+00 -8.98895768352867961e+08
1.72899077771937259e-04 -1.14823332408229345e-05
1.56088081190703698e+00 8.64749414768916607e+08
1.22608006508330815e+07 8.97593855940795402e+03
-4.54758607452034447e-01 -4.49256100203829709e-02
-9.83209395305270942e-07 -6.33505240744979936e+05
-4.03653795501539932e-04 -8.59282521892214390e+02
4.86855962491410587e-04 -7.90800579476223222e-04
-1.06118482636025563e+08 9.86953671430812378e+10
9.09697041757675140e-08 -6.53966897529111087e-06
9.06542240948549472e+05 2.73318416022256688e-06
-5.70571021349948362e-04 1.25399532608721576e-03
-8.75922286696279428e+01 -2.37932582471698806e+04
-6.21349151623437881e+10 -8.05209494690199904e+02
-7.79090461493576072e+02 1.03881080891557212e+06
8.69795219421284510e-09 -5.77842755121246605e-07
5.68053819736677793e-05 3.77656451692910007e-08
-8.86387108350002222e+02 2.34866710067465782e+09
2.72445199756329653e-04 5.35747785764545143e-03
9.59065521070399857e+09 5.68878878676374981e-03
2.66481841195340907e-01 5.35773751589595020e+08
7.64458401400297737e-10 -7.56341776795228701e-05
-9.11865124029911914e-10 -7.82765839087409414e-08
3.55989132841149985e+05 -1.82099290552496268e-01
8.51517885476085246e+07 2.69507336494924887e+00
-7.29841114547875587e-04 6.05605877200672040e+01
-9.75571724139329861e+05 2.37884742639616393e+07
-6.90118044536014460e+06 2.12372933760334711e-04
-5.60753381897666854e-06 -6.28593570819632603e+01
7.27918476164614363e-06 -4.15935256258964591e-06
-7.72414397596506805e+10 6.15390272068141730e-02
1.67391430481706325e-08 -8.84207619863750871e+00
1.34102485301999770e-04 -3.17283509010880165e-03
4.68941836658948185e-06 1.74735760100684874e+07
7.37719604926177263e+08 5.87960221201966671e-01
-6.09255332321928211e-07 1.57281928186858613e-07
4.77371407785451114e+07 -4.80587010743781005e-07
5.20059582300182141e+05 -5.53337367450620118e-03
6.88620871116822173e+02 7.82639367522454675e-05
-7.63897788645315619e-05 3.51395637394584656e+10
-2.99466619695791109e-02 7.75324041107506026e+06
-6.35631153772718838e-02 9.09295943027508445e+06
-8.91355370805885120e-10 8.48485677564891624e+09
-8.44690734128749211e-05 3.66248453293130093e+05
-4.14255332357322601e+01 -3.44872938420807246e-07
8.06855510027337276e-03 -9.79381735654437580e-08
-2.11115175419557414e-05 4.41411655090101121e+05
-8.79650181947670269e-08 5.67777908963397702e-10
8.06957565561733842e+07 -3.70355876880268079e+03
1.31663399864662252e-06 6.57923093651296921e+10
-2.41186778325918374e-09 -6.39467742032022095e+09
-4.45860817062144824e-02 7.12484086692755222e+08
3.44134727577679157e+08 2.03634895319587699e+01
6.05673593332331300e+08 8.23330580994115045e-08
1.18080536496268662e-09 -9.77698013587630033e+08
-6.07716601592807153e-04 6.14117968132888109e+02
-1.59933890938808392e-09 -1.26196280360436010e+09
-9.73331923470028615e-01 -1.96131445515182137e+09
4.34865306561740217e-01 1.24332735887513749e+02
-2.05793391074648397e+01 1.57105418883078024e+07
7.00053242950885671e-03 -6.77628866442910309e+10
-3.37216093270150230e-01 6.90128508299556032e+00
3.30586437955614019e+03 7.16880254644637382e+00
-1.72320402828031183e+03 -3.28554318181114875e-03
9.32081038256544897e-02 -3.59331603583605392e+04
2.79436293805136575e+03 -7.48418533179944634e+08
5.94640580262172222e+09 2.01114319085026149e-07
9.18203425198300671e-01 6.38621086188082110e-01
-4.20224094877505541e+09 -3.65958803432211995e+08
-8.90621772276941605e-10 4.16136333112208905e-09
4.80505879634160740e-10 9.77550637038117025e-10
8.13117227086881358e-09 -3.06386958666743851e+02
9.92569625248944772e-05 -8.19236259926519299e+09
-4.35794306650896091e+05 7.79486698966833501e+02
8.70585672654539167e+00 -8.51059746108984250e+00
-4.44839269289827588e-01 -2.19056728182307434e+09
-7.05361884805033688e-10 6.11271536989713060e-07
-6.89416041714704964e+00 -1.09089665303821712e+04
6.05742204978603870e+05 8.96711258592905797e+04
9.74339354947794974e+07 2.89468764173222826e+03
-9.28000309200356569e+04 -4.23498720829511469e+05
9.76049040792339256e-08 2.72234025500806620e+00
-2.10247621167694736e+09 7.81413464083691249e-08
7.04071208314828616e-09 -7.89421879007664204e+08
-1.73061554936781145e-08 -6.98981766968030357e+09
5.39254050738880688e-06 6.96277379859148668e-09
-5.38565047782202730e-08 1.89303230225306667e-05
5.89393436376463471e-03 -4.79480239254838470e+00
9.06968909460198864e-07 2.45316154276419201e-09
-8.29194381558157602e+02 7.86433395824006677e+08
5.29868025973879497e+01 5.58407778384583482e-04
1.98171994785816388e+01 -9.61641606065195847e+09
-3.16138632428293945e-02 2.60135465505606400e-01
-5.02778427844043635e+06 6.40540593837544085e-07
5.68629866116934456e+06 -8.64953816265618134e+09
1.26228222903849933e-06 4.41549077668983303e+06
-6.02038427384897295e+04 -2.81701440993172942e-07
-3.27050953534943937e+03 8.04086963119171827e-01
8.33031393849324086e+04 -9.36638424223848124e+04
7.74787747270567434e+03 -5.58722379483815756e-01
-9.69340114326861684e-06 -6.58319066222490941e-06
-1.03674237435227364e+08 9.28954413094515319e-01
-1.33139078854258722e-10 -5.22639187791045606e+03
-9.93786111278359528e+10 7.91461049520886400e-09
-7.74446787113984591e-04 -1.77847611385836441e-10
-3.86794727197944671e+07 2.35444386717524731e+03
-8.76553833841580861e-06 2.69019164052448496e+07
7.42194055407003849e+05 -4.74344374368700832e+07
8.46181808597503619e-05 6.05639588836120652e+02
-9.98337384714772088e+03 -4.23300517536548959e-02
5.65344186959431099e+04 8.06274608422209173e+07
-9.95627547428840742e+00 -7.60616166841388697e-06
2.92962017865090957e+02 4.15198514984446010e+04
-2.41859760234932508e+06 -9.11293097473875736e+05
-4.83931308929772319e-01 4.22923168712001655e+02
6.83703603225719209e-05 -5.98952770848646640e-07
3.31648006521967787e-04 4.82980510591447446e+06
-9.85857989525107882e+02 -9.74283649635864608e+06
-3.37116689938435128e-09 6.70040009478220782e+01
-3.97750079177179024e-09 7.14143352748060279e+04
7.80662832932559424e+05 8.37510299639364908e-02
-5.91292943162645042e+03 -2.33046415031442301e-06
-5.19194382308687866e+07 1.35868259523441899e-07
8.10530366842957611e+10 7.34158726047574550e+00
-5.21410754624705078e+04 3.49874930574446160e+05
-5.18790651846902838e+04 -9.04188220147512554e-10
-4.12487588507867500e-02 3.09544536112602982e+04
-1.77349507292983259e-02 2.88736013504427319e+04
-4.66714886569921727e+00 -5.09893761289971542e+10
7.39130186129734135e+00 -7.46937943208991503e-06
-1.05645050258437415e-07 -7.08135642552379140e+04
5.23359262043587029e+08 6.29324491602891499e+02
-1.02538973025022087e+10 4.73648013859312654e+08
-8.59842290229514125e+05 9.47147740958354378e+09
-4.94502885399548841e-10 -2.66172733171623432e-01
-7.57927550056655061e-09 9.75194381328020128e+05
-8.89069778944414215e+10 6.22211312810153316e+01
-4.24020199455577758e-08 6.60953867425221233e+02
-9.19228500571314991e-04 -5.13379673602610865e+02
-6.35015290604831680e-05 -8.01577110864034039e+04
6.89322335986591492e+10 7.09187091813752251e-04
5.06085970633672213e-06 6.18829860881350279e+08
3.00279700825749245e+06 -5.24006097470408823e-10
6.26149640336353457e+01 -6.39087309003404086e-07
8.65191316443232665e-05 3.22188471337893096e-03
5.95747023555071905e+02 -8.42454939779134475e+03
8.95213896231612489e+03 1.04977777060306032e-01
-9.14794249061352360e+01 8.78039992231812716e+08
4.60034720618024418e-01 9.97676533797049080e+05
-9.32290089248529452e-10 5.83571933631519357e+00
-9.02999441414425967e-07 9.98470284283154272e+06
-7.84181426671857790e-04 -1.51597124045877380e+10
2.14749367751160666e+05 -7.46118004591786575e+09
7.41376822055598721e+05 -3.44378982385927651e-02
8.02377683890984631e+09 -3.21308802717753141e-06
-6.53584907179500935e-09 -3.79161384097353379e-02
5.09110061905149744e-04 -2.73213083934485824e-10
4.65148747911179716e-01 -1.10222789666901372e-08
7.38656319438893348e+06 8.30516535560485208e+04
-8.68364369297325127e-03 2.47535993487937134e+00
3.35706457168927500e+03 2.37178317642323215e-02
3.58886817569007830e-07 -1.90036071322304681e+07
8.22104863578988032e-06 -3.35474060711487073e+03
9.39765559204987335e+09 -5.03949180274920062e-10
-7.80900536987789301e-03 -9.70171582117678610e-05
8.70717380256540680e+10 9.34054587760955179e-01
8.20911055332920767e-08 -2.59727149053776074e+00
5.85625752876953176e-01 -7.84528312832651320e+00
-3.23183000873635178e+10 7.20717318331656634e-09
-7.34914472740035246e-07 -6.92015230083766440e-03
3.10801226009603457e-02 4.08804118523417128e+04
3.77608851418994223e-08 1.63449566260777670e+06
2.80742142695732182e+05 -3.09063555771931657e+05
-6.26792191547470134e-07 3.55831459393776291e-05
5.77118650981348902e+07 -5.19909631642809957e+07
-5.97186317161316276e+08 -1.46362154418276240e-04
6.87288726354216700e-02 -9.40074446943624115e+09
5.45296998238081187e+07 -7.52837270933679179e+02
-1.42407963272746805e-08 -6.66625648840525997e-01
9.46013981832260001e-03 -8.61052899760128554e-01
7.22563696737518547e-06 9.52282188584243983e+00
-6.51763602031602859e+09 -5.83956116153099823e+09
-1.05223483556911163e-01 -2.55521003082945488e-10
-3.53556716538501064e+02 -9.48723576666769714e+10
4.34559570356082695e+04 -9.66617452287596321e+09
7.09162954111657260e-07 -1.23637359278280421e+01
-5.80815186568972450e+01 8.65430107576743886e-03
2.44837277771597263e-09 -7.39901655842567306e-08
6.56247975332172681e+06 2.39193064764656947e+03
4.04226769037725298e+00 4.21703400623242783e-02
-7.60769496121997549e-05 -4.37001336766259574e-10
-8.60331294881509168e-01 -8.52502447411145935e+10
-2.69209603986700482e-03 -7.71065232024327293e+06
-6.08898579196500831e-08 -2.89985731522814094e-06
-4.71178290720880924e-02 -6.54060925761540179e-01
-1.73753026736262351e+08 8.55917279039403384e-10
-3.42450578668834774e-10 -8.23767669400753675e-04
4.41406754623883822e-07 -5.44195301553400679e-01
5.43450092213332709e+01 -2.46248724323474057e+01
3.37101987535126713e-01 -1.61996221859360144e-06
8.37389552481218857e-05 8.13849021779140726e-04
8.86137267311785898e-07 5.12411697974061997e-08
2.33971954293995879e+01 4.47280588465393344e-09
-2.41150007609656925e+01 9.86602795282295886e-02
2.01229779762914954e-07 7.50044452627534771e+09
7.30051989160001419e-04 -4.23056693249999408e-02
-4.12900269117530715e+06 4.23102272443977370e+01
-2.35973114748639924e-05 -3.85287904848301163e+10
-9.82612608406039596e+08 3.93611419774085016e+03
1.94361308863776355e-08 -5.64260718211210559e+01
1.96562023832749583e+04 -5.21896844114605532e-02
7.32952192819680261e-08 8.01139900457613021e+07
-1.27521219138001394e+09 1.15295897123954290e+02
3.82278142637831988e+04 3.18890533778562803e+03
-8.24282275590261732e-04 -9.48280138936634958e+07
7.31862402519981806e-03 -8.75669796188112026e-01
7.42732081172815800e+08 9.40377501419682884e+09
6.66823719331278426e+02 -7.49455989254070282e+09
-5.92842197777408437e+04 -8.29511986061897196e-08
-6.57416569343761368e+10 -3.54181663655306735e+01
-8.68717436201767900e-05 2.60281502105982858e+05
-8.89734849652395049e-02 3.57676099631697511e-02
-5.16513332702877175e+05 3.31824774921189481e+06
1.83917778260228067e-04 7.69075551270620222e-04
-3.84642707854995596e-03 5.50718579922454939e-09
-2.48516741507759161e+03 -2.86974599389962357e+01
-2.70380339206958733e+10 9.04935051738620409e-05
2.73204847272462258e+06 3.00974511001759691e-07
4.51610596470961696e+02 -2.85186906685008833e-03
6.74468450955392102e-06 -9.75247634011400291e-10
1.75278957577407636e-10 7.17989244980071644e-07
-3.69238112656433032e+02 -1.22483103215996039e+01
-7.95065933458744921e+06 3.13654278036523044e+08
-3.69577418459420277e-08 -5.37551710314518899e-07
1.36108624259338062e+06 -4.68841972922860458e+06
6.67527069490193071e+02 -6.64250771455861602e-03
-4.24522312829899381e-06 -7.04850131621815212e-07
7.45575292511771156e-04 2.08690282428015976e+10
6.36157407195738346e-10 8.76087982612831057e-04
3.30228186123024559e+00 -4.09791391405027128e-01
-3.86978849047547602e+00 6.51550442865191653e+04
-6.75640001407076031e-09 9.64876743556362629e-06
6.37211403351612138e-02 2.94267156094474638e-02
5.47500333689354517e-03 -4.73786323859868632e-07
-6.09657696369942492e-01 2.46540023825360875e-09
-3.14724653236608927e-06 1.13283041982743380e+04
4.76767912518528246e+04 5.42986872959468389e-06
4.89335114438172728e+07 -5.96158519788805022e-05
8.79046083563431975e-07 -4.20682250305268468e+01
-2.33909611185549031e+05 -2.05543756798782027e+02
-5.43824587652592673e+00 2.42099902932715158e+04
-4.44084887310920067e+01 1.25393431705421996e+09
1.77433962819124304e+03 -7.86713068559974082e-02
-7.48720349378991988e+05 -8.69600405502267927e+06
3.21036944235205714e-03 -3.98857491801240907e-09
-8.52275987375591278e+08 9.28506242220836808e+05
-5.69955537870315493e+03 -9.55385644041596704e-03
3.88166472110354080e+04 -2.61861978813589937e-10
-8.43800513889130683e-09 7.92974358163502038e+04
1.89783233363454723e-10 6.27159332837440948e-05
-5.45249420753046998e-02 1.03860285358364243e+05
7.82740312783219792e+02 2.62185436141518745e+10
-1.66731974969720262e+01 -1.88551391611668795e+08
1.91725172966625309e+09 -6.45723925788897724e+00
-8.02041524529299080e-09 -5.15558337275828649e+02
5.00513302089708328e+08 7.77860539267110677e-07
-7.24580945120605774e+10 2.97705763665848096e-09
-9.14075676362745667e+09 -8.49395984417998675e-08
8.19027172239019419e+04 -2.40403773334514479e-09
-5.64497296602522755e+09 5.66127601559450539e-08
-4.86419336428966141e+09 9.90612230743490095e-08
4.43470920456476733e+02 6.11311560762003783e-02
-5.68233171883664466e+06 2.22928484959623724e-02
8.45735119728482561e+05 6.54581436181669712e+09
8.48774792066576121e-04 -4.62478505529112863e+03
-3.38991935362191141e-08 -4.56781282436672428e-04
3.45262583948648376e+10 -6.29086879731184803e+06
-1.31669586648046476e+05 -4.70909221167069685e+05
-1.86014425880105048e+08 -6.68424825432111042e-06
8.48623231241592887e-04 -2.56626251661827415e+07
5.56289600838626848e+03 9.40292180079426318e+07
8.02510196655616816e-09 2.04265910144675935e+01
1.64116222820420280e-07 9.29537439857359149e-01
-7.59967420316035924e-01 -5.99221759972101645e-06
-8.11249411025400543e+10 7.98869549365360809e-01
-9.35955566173152351e+09 -9.67206739926615607e-03
-7.47778380550501581e-02 -7.40848452147193075e+03
7.68973879359753370e+08 9.53574475360915265e-10
-6.78851693181865777e-07 -8.38918884568029810e+00
-8.08347292342225616e-08 3.78337352451539678e-10
4.72929568354815412e-05 1.49835000811255217e+08
-9.25874483541970633e-02 -3.67866756560577232e+03
-4.91240679983916759e+09 7.64046219704858584e-09
-9.91141148851208505e+05 6.07210749257751859e-10
4.82720983475685497e-02 3.84092134141891639e-01
-8.01483541516442410e-01 -7.78054720942704297e-10
5.81138633102816580e-03 -5.82153951168999888e-09
-6.71807628518673801e+09 3.72589898922524855e-08
-8.65290054529668220e-04 -7.68314568707438215e-04
-6.66732844945724869e+10 -8.40338351093723157e-08
8.47575836877824560e-07 -8.87095265637789409e-10
-4.64772087681679153e+09 9.45427160182066328e-08
-5.30270274634456158e+08 -8.82145304744220174e-09
-1.02476009083241601e-01 7.60970578727836546e+04
3.08826007206905842e+02 8.57301143006388596e-10
-9.44175104635246680e+04 4.57462807071704709e+05
5.91649782063376188e+08 -8.73592154739897308e+10
-1.13669976801559569e+00 -4.09908080832573082e-08
-5.82622774952518360e-09 5.89259300113068296e-08
9.45150720266457967e+00 -2.14532660341714625e+05
6.40263341692392274e+00 -6.92039920895855393e-02
5.51387466778198719e+09 -3.03900647655203304e+00
7.01127986798371627e-01 -6.58296973737419905e-10
-5.73677494285490246e-08 -4.19634791799233411e+05
5.08062616241954383e+05 -4.07262407536598682e+08
7.13401468071625722e+00 -5.30555330315718820e+04
-6.96857041479013697e+03 2.42197900879533188e-10
-1.22795290379959527e-08 -1.17515144653651689e-03
6.31242835382233858e-02 -2.37353712734157951e-01
-2.21550138237703658e-05 5.62753955122018051e+10
1.01660689867311667e+04 -8.24399594263474679e-03
6.14947145647498220e+06 -8.53285864165987878e+04
-3.20687085854474807e-01 -2.14870427144849928e+04
-6.63645133536450826e-01 6.24563480340332947e+10
8.09873154199559940e+05 -5.94326764925614870e-01
2.87850631325289763e+00 7.76348361971584211e+00
-9.23712070217368231e-01 1.22012724671110556e+08
-6.36629146540248570e-04 1.85702585749372520e+05
1.02628387206755978e-04 2.40336106785610459e+00
-2.03630660018513608e+06 6.23087076560948510e+05
3.08894318516362572e+10 -5.94528662032413613e-02
-8.69632549034152703e+02 -2.87209961406179133e+01
9.81784502391101851e+04 9.70952115336221265e-10
9.05862375166372885e+02 -4.75754485647861755e-02
-4.55899805077934950e+00 -3.15329796807580115e+06
5.68587715071121127e-05 -7.38031807908393830e+02
9.39783205751140289e-07 6.90441466101325618e-01
8.54243632543279207e+05 6.28930712158853465e-04
-7.01417756063895670e-01 8.38311854089692353e-10
-6.24534294076598453e+04 -5.48040014564987604e-02
4.03257953767932594e+08 -8.36277387122346272e-09
-7.55266804335152954e+07 -4.89810111050432973e-07
5.92631475076430274e-04 3.78437594337705979e-10
2.87037749196712793e+04 3.31023791674642689e+03
2.06701643068833048e-02 -6.23352719360190235e-05
-2.61272844562470037e-04 6.90984228450817987e+05
-1.68907767993318636e+00 -5.65267703568636080e+02
1.76379674686064190e-10 -4.53628302166296841e-04
3.85772374489561207e+03 -7.12374288179538399e+07
-3.94594383806529637e-09 5.30314896698465543e-02
7.08711601456085034e+06 -4.44144803972816669e-03
9.49334848367186165e-03 -7.24462989910299659e+08
9.03717160567756583e-02 -4.61612681298384189e+01
5.96882468689082771e+02 6.74761380369758699e+05
-4.26206801432802938e-09 -8.37911109853151440e-03
-5.68577476966008371e-04 6.78602616680512955e-07
-6.36451186222819030e-08 5.61992293516923382e+04
-9.95948463823866186e+04 -4.69306423238757553e+10
-5.37841473132246704e+10 6.04069730819159559e-02
1.95014307587663416e-01 -7.59748840452388163e-05
-1.33921566817834868e-10 -2.56114803435682952e-03
3.92794015544184748e-05 3.20958220244962945e+02
-3.79870456975612690e-09 -7.81210346214389056e+07
-7.26396747008411947e-01 6.13015764873735420e+06
3.23692509977610092e-10 8.40613401371263709e-07
3.25119095595200447e+00 9.44218848667729934e-06
1.78919968463666486e+01 9.55010420499691740e+06
7.86708190459415410e+06 1.46028918451699092e-05
-5.23477624206454121e+06 -8.83421180000465989e+08
-4.94528338372250926e+06 2.54237813242384109e+10
-8.95489899393641739e-08 -8.04410310249284872e-05
7.58270104466739285e+04 5.45756066310255619e+02
4.77026760171196249e+05 9.52558862602320127e+06
-8.63635839747915399e-03 -8.00986901411886573e+08
-1.38677914240274182e-08 4.06721736626661383e+06
1.91957686806319727e+00 -3.08616675781147021e-08
-5.73980021869205178e-07 6.28031484636040623e+04
-5.73465092981613343e+04 -1.73795707638185677e-04
4.33602364819872826e+07 -6.83804927217559161e+04
-7.40383838058589538e-01 -2.62616139530237518e-07
6.82580797869311246e-10 9.70682276035128052e+03
-3.16914558817133866e+07 -3.28976053538805237e-09
7.75168488123888671e+07 -4.46791773093755040e+00
-9.19282846026564559e-05 -5.45816886171208763e+09
9.45021498407657007e-02 9.68904387929503901e+03
5.81032237764825932e-01 6.80720469011216164e+07
1.04814804357477080e+06 -5.06460578868270278e+08
-7.32828602193527274e+01 -4.20507858099775684e-10
2.79005241884977477e+03 -3.55364400281546063e-05
-4.60930858594847854e-04 2.02654725374518929e-06
8.06193550365936335e+03 -4.00046179133813304e+05
4.80321429689874058e+05 -7.41370155958809463e+00
-8.27712735207080982e+02 5.41613846595509131e+02
-6.70158675893182844e-09 -7.67364989233093459e-02
-7.87731320431003107e-03 8.05853941438185429e+04
-2.71680067030261736e+06 -4.96576988684075905e-09
-7.19181791415304279e+09 -2.51927567600503871e-07
3.46059020388337579e-01 -5.11834080044908831e+02
7.75025196289724079e+01 -1.26346245145806708e+05
4.21862442276370595e+05 3.61761946019350281e+10
-6.45356777717589773e+06 -9.89191430299056083e+04
8.65843011390293823e-06 -3.41245483145380378e+08
2.20974809688099504e+08 8.61242607208540425e-06
-8.74182065277818998e-03 5.30809974820974469e+06
9.98806474753802972e-08 8.99944610827368801e+05
1.92637247679106916e-09 8.13138911541737366e+10
-7.81686219757119741e-08 -6.86556725885189905e-04
7.80321271236672306e+09 8.13484530015203357e+06
1.80316420359935540e-05 -8.30097732956728668e+10
1.71966744511578717e+01 -8.88633293774696464e-01
9.19778329488051405e+00 9.65815904752184110e-09
3.92569621599992997e-04 -9.90844151409444021e-08
8.75421256216502686e-01 2.59415727967375569e+05
-2.94175315325913345e+06 -2.92917896185717480e-02
8.97796799440268576e+07 6.05404657707459662e-09
-3.60310841652497626e-05 -3.23971278181774449e+06
-3.90564831556798381e+04 7.92177403566551221e-09
-9.82623000937662888e+09 8.69598626342076919e-10
5.81102305122996575e-08 -2.31056437364505284e+05
-6.63712530036223179e+04 -1.17021823398676235e+07
-8.48874934750858098e+07 -6.78753276080229844e+04
4.73077738272996429e-02 7.35591045552905643e-07
1.16246015191681831e-01 8.30466837056327349e+04
-8.90958844663808857e-05 -5.56968711400654742e-06
3.07361549445589866e-09 -2.08983130920588102e-02
-4.91072416262338957e+04 7.36411576477362662e+00
9.32082404127723044e-09 5.75703175237697065e+07
-4.29809052135306410e+04 1.87892454922665486e+01
7.56629462799973106e+09 4.41156924363436337e+03
-1.66013585038753454e-06 5.31731577633909602e-02
-4.59574782755274255e-04 -2.41435225697177946e+00
1.47666287937580299e+10 5.14597562548324197e-06
-5.89861111217434697e+01 9.58418304280548248e+10
1.60564137201929295e-06 1.77299298915313095e+01
-2.09708268983763542e+10 -7.03817190617978107e+06
4.44995542485218812e+03 -2.43156944348857999e-06
8.40561300344294071e+08 7.05956952110413164e+07
6.19391435736222845e+06 -4.71091909999795400e-07
-2.71462899642707211e-04 -7.86910377564885933e+06
-2.44788924931090243e-05 9.30764837799369171e+06
5.24110499660826369e-07 5.80226050040323753e+03
-7.10118504312443012e-10 -4.89247223537086296e+09
3.38204560421128869e+07 -5.91931269527603901e-02
-8.59392989129608376e-01 -1.25002028656859807e+02
-7.79772551449651957e+08 4.66664439781730252e+04
-4.71292921458577551e+06 -4.11874721457265985e-03
8.39399561051045748e+03 -5.31301446352805127e-05
-6.65037171760350493e-08 -3.38843962867696241e-05
-1.40353472939302772e+06 2.01843269436442485e-02
4.57179248955287722e-05 5.81088998736340685e-08
5.62238020692896540e-05 -3.94513682523695448e-10
-9.05861417412269111e+03 6.13141731759587051e-04
2.73232566557678961e-04 5.24850338687675588e+01
1.38460187039780823e-07 -4.46790624876914859e+08
-8.11965556802477927e-04 -8.10623798302466265e-10
-6.97895970614730613e+04 -9.02104265797145159e-10
1.28629874726033395e-02 -8.35017714500216860e+06
-1.58351222689602631e-09 8.54701939264083279e+01
-6.49860632659559400e-09 -7.62855749794719706e+00
-7.17553616219195392e+04 -5.38744112247694886e-08
2.23653375339679093e-08 -8.67181318154917888e-06
8.76993365299534472e-09 9.89651757876088595e+02
-3.68124936792229928e-10 -3.79506064365403177e-10
-3.37360508185038614e+09 4.10011392618995190e+09
1.20966751035820195e+02 -9.45144852725289275e+03
9.16228404633621223e-07 3.28268867455880477e-10
7.11632463680635858e+06 -6.23873415694297641e+05
-1.01152226894907020e+01 -7.41071111800957355e+05
9.02126216494341940e+06 8.91084721004019471e-07
4.59620680693592803e+04 3.61855993596264723e-07
5.59737082851475393e-04 6.02646205293145693e-02
-5.80086105857639300e-06 -5.51126162165682543e-06
3.93840098398019513e-06 8.70326230692630138e-08
-9.17670037095444861e-06 3.07267703839424541e+02
-9.18310694678351499e-04 5.23988203766117513e+05
3.34289005634508491e+08 -4.27442698701410468e-04
-8.63603487068400159e+06 3.21708317861603945e+07
2.42575914550540276e+10 -5.51911230073323590e+05
5.76539576022839451e-01 -8.41330718892153931e+09
5.17445721785758389e+05 2.55466787999132130e+01
-6.84850322695021872e-06 1.08914585915693307e-05
4.39099135544683783e+00 1.91100741330337893e-06
-7.56904090816675220e+05 -9.38991759681918836e+01
9.80200448935057089e+00 6.23281513249001466e+05
-7.37423664004193420e+10 -8.06861902239130480e+00
-9.36211235495717706e-03 5.69497606182527313e+10
9.85678715952455241e+04 -1.76575474610199932e-04
-4.24930202757051120e+03 3.41029212190672123e-07
3.91131323129918601e+04 5.82847932793523835e-07
7.61232572157015284e+02 -2.83197498905731133e-04
2.79461767476782516e+04 7.09342729042265713e+07
5.16281015104486232e+03 5.64801562017638013e+07
3.65730585896401331e+07 8.65481605758935158e-07
-1.49794740940771516e-04 3.69971850593427132e-01
9.07887099844501801e+10 8.10607263160645843e+08
-5.06303974281798041e-05 2.34067890954710293e+09
-8.94949862060716589e-10 2.27752546489034630e+07
-8.72564657310842222e+02 -5.59757571948076398e-05
1.82542078361159439e+10 -5.86731623935732714e+04
8.19780441786232397e-09 1.27663186208210929e+05
8.39219399795711517e+10 7.95963020341936519e-08
6.77201518007736247e+00 9.08588021400234993e+01
3.55526142164362825e-10 2.47104663700191283e-06
9.68728264243530623e-07 3.90629885377808100e-04
6.07355630564677995e+03 5.51975968235250344e-04
3.46330563265535259e+09 5.04829337978027695e+02
2.49450321719341256e-01 -3.57581275660937042e+10
-6.98737705819012396e-06 3.02322347949452978e+03
7.13379104423973709e+05 4.99491117049837339e+04
3.13797822148972644e-04 -5.49953804203461016e-03
-6.60946466031596272e-05 2.92015797771742826e-09
5.73719905563624852e+04 8.70170072318714709e-05
-1.90770198955413984e-04 -8.87402822242734680e+10
-6.01278347549571580e-08 -2.78033692050511843e-10
9.72498404453369449e-05 -1.15083809932353473e-07
-5.11720235699527677e+02 4.32563775022130108e-09
9.94239629280980007e+04 -5.77707507808321141e-01
9.03274801812806807e-09 8.05407890242004831e-06
-8.00795119075293042e+03 -4.02173203808995438e+09
-9.93570935768461561e-01 -6.39991754270418268e+06
5.76747366359156508e-02 -5.82499545943435669e+09
7.74354989670585096e+07 -9.44746526672412083e+06
-1.11329488714504548e-06 -1.39661796611026858e+01
-7.22388866081555523e-07 -7.67401801977155083e+03
-4.68129481111036334e+06 3.80223085792791331e+06
2.64395747625084275e-03 1.00412078382444525e-07
6.12979814323200145e-01 -5.55640224255627668e+00
-3.01745265656840981e-09 1.02903147838443412e-01
-2.98879166303913468e+00 5.98223358215290136e+03
2.49153110127074672e-07 8.53486596757160876e-01
-3.77844867943730503e+07 7.03523509394306850e+09
7.30058272145913681e+05 2.67044777331483383e+04
1.35672915295313415e+06 6.39274242845596859e+02
8.44334673647320101e-03 5.24571004441057830e-03
5.23128908551417741e-03 7.73133654765176104e+00
5.54476863317519830e-02 3.80916982357312951e-09
5.78266780631416857e-02 -8.31866668875629557e+02
1.08418155025836474e-01 6.55808354633583188e+08
5.32636543378792703e+03 -4.45009055513477525e-03
-3.24530576418791069e-08 1.01668381236757505e+04
-8.54942747596926172e+05 -1.57067920756580415e-06
-6.21686112731020194e-06 -1.94999645585318150e-09
4.42703236019728422e+02 -4.91628949987913126e-04
1.83148103686946983e+10 -4.08260219309832811e+09
-7.73321534231247962e+05 -1.68918958248559070e-01
3.80117187955563277e+04 -8.71868800977281227e-05
-9.48819663137884827e+10 -3.86246437459893951e+10
4.22876013544205052e+05 8.18020472787583941e-02
-6.75166692886675651e-06 -5.99841569381771994e-08
-6.94568095482057601e-09 -1.49875108529866105e-05
2.87344666443235741e-09 -7.91334680922028046e+10
3.66650552771897970e-09 -2.61557188312607458e+01
7.02912088305825788e-08 -1.72019602194326993e+01
-3.05534336362944901e+08 2.31845205147282707e-06
-8.53891144173184852e-04 8.45559710858718463e+04
3.83461419052452386e-04 2.22548250866058435e-09
8.94169105764480027e-02 8.36290492898876190e+09
-9.64111944766752231e+02 -5.15602284252485796e-09
5.37345245253121758e+09 -5.99555618282660507e+00
-4.64784774828333855e+09 -7.90697843070933700e+08
-8.70837577860588453e+02 6.46753688063836843e+07
-4.95239194600562487e-08 4.03334149612991486e+10
3.28314647608171590e-07 -6.15148768936649230e+03
9.36285653921198964e+08 -6.42542372230099640e+10
4.23469419356889176e+00 -3.37975047336538136e+06
4.35841995338476524e+07 -3.37482273837293872e-02
8.93619056648129947e-03 6.04747241946351351e+04
-2.39186420838861935e-03 -7.12994894298698728e+03
-5.04463792585110498e-10 -7.46022001522269516e-07
2.94655466034654552e+01 2.55183178231698867e+03
-4.68004252505956628e-04 4.02808734455618339e-07
-1.58055521119313526e+09 -3.73886524470972586e+09
4.69999114940410669e-07 -3.72972063968995460e-01
8.56612102676760029e-09 5.22399466282733657e-10
-1.53349261921739979e+10 -5.65201438335449815e+08
-1.63167367713883582e+00 9.86061570663741302e+10
-2.98543714307421586e+06 3.35488999559235367e+02
-2.74968181100901543e-01 4.76659327328747465e-08
-9.94111348303182912e-10 -2.40472606752305790e-10
-6.72347338174065109e+06 3.80733076837386263e-03
-8.30027038322490906e-05 5.49599415181286524e-08
-2.63804201152747228e+04 -7.35221143888898015e+08
-2.84345460946552767e-04 -9.48460590406221619e+10
-1.41413238546636774e-02 6.34555029134938717e+08
3.52496416756850479e+01 4.60430325632552032e+10
-6.63803017421731023e-05 -4.55260292308992976e-07
-5.40443380147173843e+10 -7.18814992007202102e-08
8.08655407716080216e-09 -3.71988320443236828e+09
5.05778809127413751e+03 -3.48785794596060126e-10
6.07704739960018754e+08 8.14504277124350779e+02
8.71460732545977044e+03 -8.78731463800525221e-09
7.35558023148415685e+08 1.19400207726885205e-05
8.31061310843966439e+00 2.18222196167008860e+03
5.57790065105411362e-08 4.52745981544997012e-01
5.68765090535365646e-06 6.15333936790709595e+03
9.19296297513666760e-02 5.20462506463746738e+09
-1.70568327396959229e-10 -7.39689934829559326e+07
7.67687768552335861e-10 -2.21390301085044491e-10
5.21362264165347718e-09 9.04990022057485321e-06
-9.61110300942387432e+06 7.47347123303789997e+09
9.90712712459803413e+01 -1.49978963945337140e-03
2.86005782558188657e+05 -2.92579291867085247e-04
8.29640234152684286e+00 -3.11330292789150960e-08
-4.35442911162074562e+06 4.07102966854514107e+07
8.12453189025556335e+10 1.18991028905986022e+04
-4.41270636049196185e+02 7.94639953298959183e+05
-6.23520757675632330e-09 -3.36930449047782702e+02
-4.56829144999430980e+02 -4.39153309353800397e+06
7.03603568074734794e+04 -9.33134105296705307e+00
9.83543209920762456e+05 -8.84983942735695778e-02
-4.72246134426837294e+00 -4.68133858830622733e-05
1.52669470914936170e+02 2.98042066568806119e+00
9.10260031123542038e-07 -7.84130482343060684e+09
-1.21312385997129502e+00 1.72212818518165283e+10
4.22994815025158678e+04 -5.31807844261076843e+03
-9.69747627959133496e-01 -6.55099228163036406e+07
-5.31042987365079512e+02 7.79933365578011149e+02
8.66303179999091885e-03 9.03166367570323037e-02
-5.80805166207354546e+02 -9.71130062089660053e-10
-3.18613289801449441e-06 -3.28950363948617771e+05
4.81952933603532115e-06 -3.75504168087269830e-01
5.75297108556935418e+04 8.46144668884791368e-03
5.76697856311764419e+07 4.72312510189254701e+08
-4.38061451594641039e+03 1.22394219935020934e-01
2.93497552319901443e-04 7.09610204314245360e-06
3.94810380878245042e-03 9.84656948729229980e-10
-7.29723604777042902e-08 5.74713340302429534e+06
3.95276050892406447e-05 6.29165126522833879e-02
-4.69210131691359676e-07 7.93353779551195402e+01
3.08927725559371313e-01 -6.44778360196004030e+01
2.12685997742690175e+05 -8.01958168161166191e+09
-2.71380055824853107e+06 -6.64124324139982103e-08
2.25809051736395020e+02 6.30863047056273117e+10
-3.80478042788186851e-05 -6.19374628085945346e+02
9.87918675256883450e-10 -3.27253439964337140e-08
9.47867080848842500e-07 -6.28025975671459167e-06
7.15447746239442767e-04 2.65909359488178529e-03
-1.74613851242255972e+05 9.08124315496482680e-05
-5.30598549898323125e-10 8.06118106058043143e-10
7.75725966420232060e-02 -3.84959373682819831e+05
7.56299221606090393e+10 -4.94847510691603210e-01
7.77406382863461999e+02 7.30187397367459022e-07
9.78910362148173880e-05 3.95117478693405646e+04
4.37620055720702839e+09 5.59067486735495113e+04
3.48464217815163920e+02 2.56701033535152450e+07
5.42535427436669692e+07 8.59090681324705963e+10
7.75668296797765506e+04 2.64727488056761655e-02
-7.90966858729284447e-04 -8.36743670585798025e+08
5.55760601197229000e-03 5.91495339434430643e+04
4.23788737854440233e-07 -5.43259113056138620e-10
-8.39992392835720442e+06 -8.09139913674507838e+00
-5.09017228706820130e+08 -2.13820605009748477e-01
6.95457580490077257e+08 -2.31121220631426525e-05
8.50475134442123476e+02 4.66342275094705838e+03
8.40190696500011691e+04 9.97120320100980377e+09
-7.54668354839794524e+06 2.39840071062047429e+01
-3.40197274176984280e+07 -7.72557086489943714e+01
6.61165293123489128e+00 -7.34877542026627162e-06
-9.41538693309494352e-04 5.87343920037167594e+07
-1.39673860084178696e+10 3.99081244582623469e+02
3.52192263031628245e+04 -4.06205101374555611e+01
-7.49149360095578199e-05 -7.04132784612937212e+03
-7.90348178845832467e+08 9.02598575594456635e+10
5.84010015221108899e-07 -7.60169850293867942e+06
8.31920059945049346e+05 -1.20141370069893976e-03
-3.41835021083549485e+07 -2.24913603404979595e-01
-7.15489705063595063e-03 -4.35398207361517857e-04
-6.75009381814962728e-01 -8.86462979170560333e-09
4.76075862904369913e+01 -9.34528926695172367e-08
-5.91085409831448246e-08 -7.45579218837592563e-05
-6.94487035887321011e-06 -1.15910519481123823e-06
-5.94608288672812443e-06 1.52759909527743745e+09
-1.06651324430131578e-03 -7.57558339314480340e-10
8.71240350528452442e-06 7.85821770726402156e+03
8.05120629218257382e+04 7.66895978373255444e+09
-2.87775828863484184e+00 8.87458026579114212e-01
-2.51716946877603861e-08 -7.58093618544717792e-10
4.92990071789209425e-08 -1.23997507876489595e-06
-9.86327836095880121e+07 1.36725970160655183e+05
-2.73939229766154216e-02 -2.10229190645336530e+01
-1.12490865866435328e+05 -7.75750408585477030e-02
-3.73611838482583313e+10 -4.09630007380942407e-01
-5.50582895038749842e-10 -4.01992707380906641e+08
7.39661184877478308e-04 -2.75552985053493771e+01
2.11428792217197320e-01 8.83462736513662250e+00
-4.62806366856935512e+01 -2.78155582762172582e+00
-1.19678081672467310e-06 4.97784015938500524e-01
-7.90157619511631259e-10 -2.45341165164308341e-07
6.64824396910678013e+05 5.61218419748683345e+02
1.84250553285009189e-07 3.69715600320941812e+04
-4.82560059145490724e-07 -7.57350978681309389e-10
3.60598925656591952e+08 -1.21660630446186870e+08
9.54749972350911769e+00 8.39253213363809490e+09
-7.39501476270841064e+10 -9.21128327839132547e+07
3.66553809974736907e+06 4.45789940532653630e+08
5.16948208586927223e+01 -6.93995206203068441e-07
5.02913939396008936e+04 -5.77379938052148154e-04
-2.83287902279258305e-02 -8.22281548741973019e+09
-1.14519953826495384e+04 9.59990648346857168e+06
-8.76358787371190190e+08 -6.35476607651080522e-02
8.53026903518780637e+03 6.85219025475696285e-09
8.95542249106295776e+10 -2.45888908729987694e-08
-1.39431301083398028e-10 7.53832985794799216e+06
3.43270522173212162e-10 -2.32509285360303693e+03
4.48483675241237389e-01 4.67194987692821906e+03
-7.52956719796920121e+07 -2.12180812866006185e+01
-3.62222384909754526e+06 -4.78741789027737468e+03
2.03086479003458768e+07 -7.73478125977514405e+06
7.49717888630787432e+07 -1.33927747084288179e-09
-6.87579255468555459e+01 -6.80990191106642609e+10
-2.89925602908245139e+07 -7.80467978667200413e-01
-7.21906938474795974e-08 6.47381596311220713e-04
-9.66009336618990600e+07 -9.42147116260874784e+05
8.02230642186049954e-03 2.65346053854022212e+00
-9.08553539270519285e-04 1.72654325445323536e+02
-6.61672499388629189e-03 9.04081638590381598e-03
-1.18367624127191243e-03 -9.70816599020617781e+05
6.89662518716107481e-03 1.39730442803702192e-07
8.93712691528894326e-04 -4.25683173203701925e+09
-8.05809957969428040e+06 3.13424105718094758e-07
1.43409575081723866e-09 5.62446297925654703e-01
-9.57405981223461282e-09 8.40640639361025788e-09
3.47295084327661023e+07 2.07244257165097765e-06
-2.05046299763147661e+05 -2.91534673042647086e+01
3.81095198297735062e+10 6.47189509756875706e+09
2.08395281131938744e+10 2.10839179389830722e+00
3.25684513404387421e-01 5.03721831106474198e+01
1.65955807800377829e+03 -9.31853280764853635e-08
1.27391045960355910e+02 9.95806243316864818e+07
-8.28998638095367188e-04 -7.14985760249420586e-05
-4.03713432019313955e-10 -3.85344103890507057e+01
8.73740737991893224e-07 -2.87028773684330210e-03
-5.63651746514754177e+03 6.64883501945479586e-09
5.17655963039531708e+09 -8.88789109303645539e-08
-4.24062495413707638e+09 -7.42919679703488713e+05
9.81826167732585222e+07 -2.53321432932654189e-08
-2.94759828371861540e+07 1.19474629122959327e-05
1.30830471045627138e-04 -5.29013070589703203e-10
7.04097585698198236e+03 -6.31150140742632605e-08
-6.50939334901146889e+09 2.81447322374459496e+06
-3.78536863195135084e+02 -3.76307513939056826e+09
-7.74239064444756112e-07 -3.93493521240395330e+03
5.22719692541447585e+04 -1.03353778927484707e-01
-9.64907354313292040e-05 -1.77315932561855374e-05
5.53552176678735353e-01 -8.01881010009724837e-02
4.67048109334603068e+04 -6.45275034161468544e-08
5.35285157065953834e-10 -2.12137473992766440e+06
-5.73226635219732150e+07 -6.89192315122590810e+07
-6.05614960627567561e+04 -2.66659562726881485e+10
2.93781938961542477e-01 -9.23473468946447461e-09
1.91578141109146003e+01 -4.90601924405783881e+06
-4.19575539895453767e+04 5.15633059143760777e+09
-1.12083086342158964e+01 -5.59079264316507079e+02
5.78015659184457214e-02 -1.24015351936028075e+09
-6.22536032666944132e-05 -8.45068184265151210e-08
-1.66192409420046257e+06 -3.52785383679329920e+09
9.30370343996516705e+08 -9.76351469542497741e-01
-5.51573911790131959e+01 3.75603618588581800e+09
-9.99262316988487997e-01 -9.79368041046243889e+02
8.67561499755563812e+10 3.47735208498401516e+03
-7.53115177750079900e-08 -6.59392548230437517e+08
-9.52701056636097443e-02 6.26840224817911258e-05
5.15672174961712328e+05 5.98858934366467565e+02
1.32263706307512319e-02 2.93426115175598341e+02
5.41161861742741056e+06 4.10735336610554077e-05
6.26070449126406997e-02 -1.23563977482293390e-07
-5.02324191929724106e-01 -5.28967828572940107e+03
1.77867423331567456e-05 -6.92981501231727448e+10
6.07653710033046547e+06 -2.43846044240362598e-08
-6.66697757922440117e-05 7.22015952794066525e+09
-2.20840752340230217e+00 -1.78035479878811735e-04
4.53497240519843292e+09 5.10748140488544080e-04
-6.38372422570688277e+07 -9.16568735780408382e+08
-2.50787777532464964e-02 7.02063679726814917e-08
-5.51539014988197050e-05 1.32002050245448510e+05
7.11377560949192798e+02 3.48998686557210803e+08
-2.87602223460390698e+06 -5.01561774863454616e-07
6.40339912898831498e-10 -7.17732992731509680e-07
-9.53835066143866765e-08 1.45264153235685403e-10
7.78356092894618836e-07 -4.30308139089414552e+07
-3.74514586871825197e-05 6.04809884369355366e+07
3.62984596964206815e+08 -2.96342344093010598e-05
-7.85005774887295265e-07 1.79242185494784076e+03
-8.16764345595258355e+08 -2.24668056625275631e+03
5.15247909306586662e+04 -6.47362770725210112e+02
6.84330990964099496e-10 6.99715101992848341e-03
-4.58811696418390692e-03 3.50759377179565707e-02
9.39679332274914436e-08 -1.21950757098858230e+03
3.70362302406565733e-05 -2.12307742645801518e+04
-5.04584877029983225e-02 -9.14111287381585804e+05
5.04987130476909602e-10 -4.03138703209247694e+02
-5.80998112260452843e+09 8.63618846200129203e+06
-4.86740319239881337e+07 5.60244913763864760e-01
-9.31446130570892628e+00 9.21286842865056831e-05
-7.84562691546724396e+10 9.38126794334054575e+04
-6.57113608001549301e+10 -3.94323857111769580e-02
-7.02370380579613964e+05 -6.64858181715091807e+05
-2.86546143492221273e+06 3.50632102582281303e-06
5.49439079762187177e+00 8.65407598209937103e+05
8.87616708290302753e+08 3.26695978082012104e+01
1.40944834282001743e-04 7.56088771221075967e+03
8.61025467981404351e-04 -7.60080504531040039e+10
-6.12704369036090374e+07 3.63772085789284133e-02
-1.56819193220485039e+07 -6.71011721752349079e-04
5.66737710891393072e+04 -8.71023565412333984e+10
9.04864760039557012e+01 1.36943895554393066e+03
-5.86686819087205767e-09 7.71742087235671445e-10
8.74458466682568769e+01 -1.79644438365865874e+09
3.55616612624650549e-09 -7.48666847677331098e+04
6.33155027573572511e+02 3.86436479064386368e+08
6.38306769355601844e+00 2.45187961274203844e+07
7.72413203601657442e+04 -3.37631606490874244e+06
4.45434775418284771e+04 -5.68167369316976891e-10
5.46679730336604108e-01 4.68509479398835455e-10
-6.19985571936884662e+05 7.87219841563058009e-06
5.19124022150624094e-07 9.30023357270071220e+09
5.22281873195074179e-10 6.55678009409464552e-02
1.84317898321214235e-03 -3.32472014570469503e-03
4.92545471132164574e+09 -1.75891003502581089e+00
4.86391343835931548e+03 -8.03411938132070024e-10
-9.16068997352005959e+09 8.73963846745886952e+07
8.76260240531428233e-05 5.34587813509550741e-08
-2.06313343854297996e-04 1.31690012037235312e-04
2.92776607346282958e+02 5.11025624297778338e-03
5.62676708877146066e-09 9.23265786179536223e+08
5.19989761104039938e-01 -5.06800365080479651e+02
9.04308704105548644e-01 6.62745814031570148e+02
5.57095533440988766e-09 1.64203891338036423e-02
4.39847726599660585e-04 -7.92752195305913192e+04
-5.30457227581943336e+00 -2.83163747585796955e+02
1.10140443179492690e+07 3.00021432082901592e+05
2.67671972389950718e-10 3.75674061074622827e+01
-9.40879114943978266e+02 -3.62781016259765963e+01
-1.60127062504939437e+08 5.88888559463488683e+06
1.44842410462828330e+00 3.68458015372877907e-03
-4.52798888671082835e+01 8.46846678481702805e+07
8.52749781460206853e-08 -4.39273608641414464e+08
9.74568354082557775e+00 2.89897084516504222e+01
-2.17415484445794685e-07 3.51065218447551034e-03
2.95867435816503887e+05 -7.10521206754533577e+09
8.06698514126151878e+01 -4.94070010805165646e-02
5.28411236638505960e-06 9.73570614973776730e-09
9.39172950983962629e+00 -7.91758335519772275e-04
-3.21633868555860847e-01 -5.70343654914829918e-07
5.82686409964969615e-08 2.71310810311456211e+05
-6.48424239329281006e+10 9.28746137657473082e+03
-6.71078088461618200e+07 1.82130239912815482e-02
-2.80068201078395033e+06 -9.98825832009242535e+08
4.17743482552177561e-09 8.00890948028083471e+02
-5.85766802424124448e-09 -1.21721026317976801e-07
4.26037460546826031e-09 -4.68374767399205872e-07
2.56044472475396396e+04 1.60879939449185899e-06
-8.19975693159220143e+00 8.40762237585458649e+00
-3.08374874369424257e+00 6.48997619825926724e-03
-8.50920531354424777e+05 -7.96833950217409495e+01
1.98734166863074924e-05 -1.08046988234896183e+08
2.01697177663687027e-01 -9.16087971834257814e+02
6.33708550364640122e-07 -9.29010901925551239e+05
5.69524174037103465e-07 4.19652453429928028e+03
6.97053226921097387e-05 9.09103995321487550e-03
-4.29131934425990582e+09 -3.58058434587584179e+03
-5.68501922350400834e-09 -2.85567867346770061e-04
-8.00752041791088257e+10 9.54305166769569592e-03
-5.54492478940073204e+09 6.80041365668549945e-07
5.09759735375792076e+01 4.06612619740844596e-09
-2.34589060043377266e+10 -5.95770786687965228e+04
3.64869198037201942e-02 9.85620394737889767e+07
-1.37802170540213609e+02 4.89256655986422295e-08
-6.00115320634397763e-09 -6.67472413727293606e+05
-9.80134793326717317e+07 -7.63737026895725741e-06
5.41519102773073167e+07 -3.55660391198023399e+03
8.86897848999874811e-08 -3.56331009488384609e-03
-1.55497694319777337e-04 -1.75462421330226881e-09
-6.66099286913704872e+09 -2.05517114941794521e-06
-6.61985114078577404e-03 3.98014638216348469e+08
-4.21276224045275338e+00 9.25690011912736893e-02
-6.90432979277045877e+00 4.43790019399792970e-02
1.93412920332504163e-03 -7.05978564057463379e+10
-9.45425126868683768e-02 -1.67293070187208757e-03
-2.75037742724359222e+07 -1.61453509995043118e-09
-4.88223849669085145e+07 -3.68355290260049771e-09
-1.67793512915511355e+07 1.89524229693076246e-08
6.13709560680717392e-07 -5.88874328396112774e+05
3.75839009302539353e+02 -2.55940039200874738e-03
5.41500793160546222e-10 -1.86968192609563703e+05
7.02836713385686032e-05 -5.91668919834134435e-07
-1.18102373410491120e-03 1.06995552620579065e+03
-4.89817258321840782e+05 -9.15940367413350344e+08
-8.55497838534498116e-03 3.67908445939127581e-09
4.68505925909448173e-02 7.06272697151019940e-04
-6.40420854466839162e-01 -2.44128348391628015e+03
6.09087936606120667e+05 9.36658897797476759e-06
1.96726227095210026e-09 -4.31907574905574227e-06
