-6.69029609275152162e+06 7.87320508919994611e-01
-2.77512459219018764e-04 6.99842970865726192e+06
6.04822702665046421e+01 3.39842974530087600e-06
-5.71832810759123486e-10 -7.72117773745923871e-07
4.87694007943139343e+10 1.39693670874803755e+00
-2.68497699182783545e-01 -7.01396922606841944e-01
5.43945705943830123e-09 -2.44332099993249415e+02
-4.12251853235914372e+06 -9.52885553169129044e+07
-2.05858756608773785e-01 -5.50295278637331214e-04
6.48788857320210712e-03 -5.97282047126579571e+09
7.00892967032613114e+02 2.52428244958639247e-01
-3.50608613692556040e-02 1.36960244422818802e-03
-1.38562226662627108e-10 -3.05121207028300461e+01
1.40686344416769850e+06 -7.52276883818798447e+09
-8.41081802081367663e-08 1.67940751944778609e+09
7.61075945012498174e-07 3.81864399650067368e-04
7.93062815945174336e+08 6.98574319248416432e+04
-2.70578667614187996e-04 1.72187818216647398e-07
7.14263321449908604e-04 -2.79998267770710144e+10
7.14035839434471654e-08 -4.31397396717916592e+00
-1.45421204601563280e+05 1.92949432541941594e-10
5.33203167459265792e+00 4.30948894564401286e+01
5.48085617376597740e-03 3.97864252644123673e-01
-2.10514434759276553e-03 2.41713000525142258e-07
1.72906292274061467e-04 -5.95445050205175781e+09
2.03677409849766997e-10 7.67990443928495049e+07
5.89698449520331056e-10 6.08680541222065272e-05
-8.34981087893161297e+08 9.86889316340954418e-06
4.29355005650353214e-09 -8.68010857170493821e+00
9.42198061855878399e-02 -3.78008364256829630e-07
-4.68109238628353778e+04 -7.07454561974504127e-07
-7.58002322564162035e+06 1.15331056048862374e+04
-9.02716360637031765e-09 2.49422614688006666e-07
-2.29757458916010319e+03 1.45264326604874820e+08
-3.88387608207735258e-07 -4.29732196113320908e-08
-9.26006545140182608e-07 9.97510452471159823e+01
9.60989097755139232e+08 9.72325659185800646e+01
-2.57124349418155866e-02 8.54804866955068690e+01
6.44724214538472284e-10 -1.97989813379821479e+07
-8.12362185011092806e+04 2.04575446641795812e-08
5.65569788735794704e-08 4.29680961202437637e-09
-5.57787339625425704e-01 9.39639575854101829e-03
8.45100237740650326e+07 3.82017405130369086e-03
-4.55198634368938050e-04 -5.44467333448342705e+09
5.59916616116814712e-06 3.02032804553600442e+02
-9.97509070644923327e+02 6.15041396574565064e-10
8.60354491548217482e+01 3.36778776443556353e+02
9.38962534800126187e-08 9.42203449020204420e-02
7.72295185992249577e-08 -6.62041982420293309e-06
7.86029084677788861e-05 9.61523090466580034e+04
-3.13667681186893153e-06 5.07796977842112401e-07
-1.91940898060518234e-06 -3.03378045674365424e+07
-4.70956928361384678e+09 7.83533598842282679e-03
-7.33571647504178145e+02 -7.63075008507797320e+04
2.15925561277101358e-01 3.62770321343101962e-06
-3.64161000475389197e-10 3.34424695369358087e+04
-5.23864201937212378e-05 2.56323163212098381e-09
-9.07277872490079496e+00 -1.43388448638155580e+09
8.39750768643782335e-09 4.26076065437432098e+10
7.33466826629710943e+07 7.88047636592050694e+04
-5.30932186120425790e-07 3.21866477650134742e+08
-5.00149509056275267e-06 -2.30304303427131521e+06
-1.54871821286913632e+03 -5.92380110174224016e-06
7.38900170206751136e+03 -6.45085612611972836e-01
-8.01419275764348724e-09 -3.58573957611528110e-07
1.95328524127424886e-08 5.58411674331060336e-09
-3.55092310028137260e-06 8.09153165062522550e-01
1.82039040204152376e-07 5.85012160180875216e-09
-6.24255106428480389e+01 2.75963538148061981e+10
-8.20768075061876526e+10 2.72041288951313831e+01
-6.17352768879192394e-09 8.67573679218029952e+01
-3.64170491772946724e-04 -5.39470998480604176e+04
-5.25704304320173788e-01 3.28390580746421501e-03
-7.79310969283421224e-07 3.44500839218906522e+08
-4.79830091458438098e+08 1.78654839379200236e-01
-1.41347508542464924e+09 8.56455770205888446e-07
3.79880633442483198e-02 -9.46392512395172734e-04
-2.56005896085842205e-04 -6.67069599400594200e+01
2.73825307549841046e+08 -3.18738118007917892e+00
-9.67239870696405823e-02 1.86712960941079330e+10
3.86379904444475973e-05 -5.22859371033324442e-05
-3.53050314839693941e-10 -3.70200849131394648e+02
3.42644240571455594e-01 -4.00553942003229434e-04
-9.19199294266528934e-09 -2.65259700541152313e+02
-9.05154206954364149e+00 -2.83697068409468651e+08
-7.75678690546282837e+02 6.19541994746568846e+05
2.53768926779530098e+05 2.68144738293408918e+09
2.96334007157612457e+10 4.71479640471625824e+10
-6.56971684999841425e-06 -6.73018732650283447e+00
-8.61484406369391441e+08 -5.38727053676599536e-04
5.41056566026514870e-07 3.97132254732096742e+05
-5.03144529353004998e+02 1.17123513394884471e-01
5.20379707406028301e-08 -9.08793434510596751e-09
8.32357623408490326e+04 -4.12598365511835378e+05
9.12489002702678740e+07 4.89264556875046398e-04
4.45871899516405910e+07 -5.94700933382824360e+02
7.05646255202361074e-04 -5.91073887812782049e+08
-3.46004256672333431e+09 7.99821229208392756e-03
-8.67891681989952923e-02 9.34590878168755077e-07
7.63477714164104161e-08 -5.54759994253408432e+08
-1.66474076348802394e-07 5.90059940994208643e-04
-5.70171963746982406e-05 -6.57937529076233332e+04
7.78384975181714372e-04 9.91544410741460951e-09
-2.84441832921943205e+03 3.02014326402012721e+01
-8.78742515856028612e-05 3.92423636416913939e+09
-2.46091168534571640e+07 9.70465924251636170e+03
5.90914240441475114e-01 1.59797165919922757e+09
7.70433772704115418e-03 -6.21393684799446464e+07
8.77029948949514627e+07 -3.19910203723146271e-09
2.17873614999507836e+01 7.41052132561220242e+03
-6.65131101221768737e+08 -9.13035137039312303e+02
-6.52515655102632727e-04 8.52380663273104581e-09
2.42944061730765409e-01 3.93157263071516930e-07
-4.49098290467105183e-10 -4.29862010240017520e-09
9.52645435815170898e+10 -7.74144937680628300e+08
-4.64271838622749371e+01 -5.19776207327051205e+05
8.46300437396923608e-08 5.43299909255222785e-02
-7.26999561472203459e-01 9.05388945671405982e-05
-7.68146788404358638e+00 3.43606707629799559e-10
-9.41008029654998604e-05 6.17343152074505342e+04
-1.98297518740707984e-05 9.34143013191273397e+00
-7.22859538304585457e+09 -3.77088593885445557e+10
-1.25028494314180093e-03 3.13354957988020502e-02
-3.92491008156462442e+01 -9.49958746800190163e+09
-5.89613629588442503e-02 -1.07030628288040486e+01
9.04361560388160706e+08 -5.74335263168945909e+08
-7.26213364060663128e+09 -6.74139295405710527e+02
1.79747515866583824e+09 9.68894865918749929e+03
2.37811998086767101e+09 4.48615941254179226e+05
7.89583222862336763e-08 -4.37073138150442219e+02
-8.30774297269258090e-03 7.86158266771641636e+09
-9.05208786015438091e+03 -7.97643482204613683e+04
-8.79413617830046429e-02 -7.33550477917560697e+08
-9.85721186407776804e+03 -7.71544387023924887e-07
-7.18513540154768658e+09 8.37744485314676366e-09
-2.29989498355754932e+02 4.22716832877274395e+00
-5.66521578212494812e+10 -7.27030911137758065e-08
6.79375932415477395e+08 -7.35942443587359856e+05
4.23176484642425494e+05 2.04928347684690766e+07
-9.43992648673689261e-01 4.99655066316195949e-06
-5.83829994872535080e-03 3.99557670386321792e-08
6.66903229619214614e-05 -2.95565582614996629e+02
3.28165349472507273e+02 -6.22837509684609272e-08
4.77243451763802367e-08 -3.00367307076875916e+10
-9.04458755098566437e+10 -5.20026812084008980e+09
-2.24268509518212685e+06 5.48329458791490761e+05
-1.12733609071340129e+03 8.19317643552405025e+03
-3.59760658842834971e+02 -6.95563153275980830e+08
-7.16399259538432525e+04 9.72611150497600203e+05
4.57697436090866291e-04 5.14191301215723041e+05
-8.55478482506532327e-08 8.55272843157492352e+09
9.20398163701906247e-02 -2.79150210131536834e-06
-6.50163031645948067e+06 1.98989680268550410e+03
1.48562703349625034e+10 -2.85003334025466442e+07
5.24123650950148772e+01 5.78607077144573800e+00
-6.78964325842493222e-02 4.01465926599562206e-01
-1.11638102016733848e+07 -1.32522909294470555e+04
3.94138636534288937e-07 5.39563601399798104e-09
-2.11935566736212568e+04 -3.31574382945322371e+09
5.70765145325239791e+03 8.57036499516810363e+03
1.46489982661415520e+06 9.89981876042564363e+03
-4.74129267743603897e+09 2.00205520951257432e+00
-6.35564063835823163e+03 8.58432723125888281e-02
-3.71822392932719813e+04 -3.01794052109850273e+07
-9.67330149882712603e+08 -7.97256521886068269e-10
-9.43546969494780878e-06 9.70501728640312910e+08
-2.63122455898725939e+09 -5.18339752509238906e+02
-5.82998366657279900e-05 -3.37202637289975291e+03
-5.41220035178037524e-05 3.55464319659884751e+01
1.00077859284735156e-09 -2.76170122633958225e-04
-2.57519975553491098e-01 1.66675746172067881e+08
8.92020056074841591e+02 6.49096019768000406e+04
5.57743977243939160e+00 -7.50000007761746938e-08
9.82474545349715789e-02 -1.51974146363148169e-06
3.39497636000363876e-06 -6.16186804765743949e+06
-3.67013707981296477e+02 1.62306141487628907e+08
-1.63991303001287918e+10 -6.84224300603328402e-09
-1.75195314566942706e+01 -1.28936639408615767e+06
2.36877172309141572e-03 9.45036551590474694e-04
9.58673075271798425e-10 -9.80937414185037022e+05
-9.72450323513400459e+09 -5.54130137808213615e+09
8.57986376493855116e-04 -6.21913115788191948e-03
-1.30260450729249324e-04 4.66400392536663567e+04
6.72218966209868590e-09 5.42161511115957784e-02
8.57097861037556827e+07 4.06368706539709912e-01
6.63177203604377365e+09 -2.52289423641697562e+05
4.12458523480043234e+06 -7.47829495342714081e+10
-2.53716481558361018e+01 7.00066256490823546e-01
4.14626831829871101e+00 3.57027418034891502e-05
-6.68743991965297710e+02 -1.25026828721652382e-06
6.98773022773474908e-06 8.60635299843160101e+03
-1.43812699554897463e-07 -7.94186331432142470e-07
-8.35117484719093227e+02 -3.84045565160103450e-02
-6.86689568091841240e-04 5.03375448455858948e-09
6.41019406720376810e+03 6.15544756577005101e+04
8.97920490443867081e+00 -4.57848217275545721e+01
-3.09541276185950551e+02 7.23969572255121420e+02
6.46556125535168613e-01 8.36431446354171349e+04
-2.59539246951410348e-02 -4.56999596956976557e-06
-8.10686777814994809e-10 -3.67366709468992247e-02
9.72755848903154060e+02 9.32849540866501847e+00
-7.43925882474279072e-10 -2.68832268660764166e+04
-7.63463577723153151e+01 -7.83655169636644678e+03
4.93037114319470245e+06 1.00867540067389506e-05
-9.15678101237221199e+03 -9.58179324398201406e+07
-5.46547583601874828e+09 -5.07566838017689179e+02
4.41735194063746154e+08 5.84433304031995177e+08
9.47123497500791210e-09 -8.99620754756057765e-05
1.45566736748680911e-02 -2.18745465061693858e+03
-6.81461702333490821e-02 -2.55929738283342489e+00
-3.63880987527959951e+04 6.67473833008857910e+05
3.12858569484755353e+04 -2.08451595012562262e+05
-6.59948515742130870e-02 -7.83961850361200104e+10
-9.98593643773699746e-01 -7.02186579989541159e-03
8.81569882145999600e+02 2.46949119839725284e+02
-1.43697500078587618e-07 -9.99936765329715455e-03
6.02203539368801951e+08 3.21515632696788907e+03
7.65313068437619535e+01 6.26720815854989924e+05
-6.30730666175795704e+02 8.49807109624574912e-10
-8.16270716741811966e-08 6.03555240394961700e-07
-7.55017818638164932e-04 -7.38768664589454830e+07
6.31452071489819189e-02 -8.50898515527434562e-02
8.65526974753542519e+09 5.13185466865224950e-06
-8.49668811885132790e+07 -1.12320224696667337e+09
4.20588562713317788e-04 -1.02709764407684118e+08
-2.14282782398099503e+00 9.76182364313612342e+08
9.17093058224249259e+06 7.36095467188573093e+05
-7.40470033778587204e-05 -1.91441733606859996e-06
7.12799751372619880e+02 8.26210985092492283e-09
3.12737905764246705e+02 -9.22663432178374171e+08
6.33799244583292278e+01 3.60292511784784182e+01
-8.03242679640016407e+07 3.34256834624820808e+06
5.74582019512764807e-07 -7.17553513955680100e+04
8.65072570594158769e+07 -4.63678621544263194e+01
1.25886471635051045e+01 -8.15120967423322320e+08
8.40836111218760605e+05 3.84635048748980643e-07
-5.50634447565879839e+01 3.36780028786007506e+02
9.08366254210876060e-04 8.75426612754307257e+02
-7.76410525970815807e-03 9.49338721871689987e+09
-9.88503485886131079e-06 -9.27853056401815471e-08
-4.32398746054126804e+00 -6.14960699229233874e-03
-5.34327050009723091e+09 -6.97772611141039761e+03
-6.52583482620911407e+09 6.41232268782299090e-08
-7.82717576142475224e+09 -1.58790647224269833e+04
-2.52866217438529849e+08 -6.91020681452803001e+03
5.15898194273386747e+07 -1.83535797775905430e+07
-6.68674967875458218e-08 -5.55912261549199602e-04
2.13334384983149540e-07 4.59300134330996546e+00
-1.98974613221435647e-08 -2.07571433495680958e+03
1.43278774903239333e+06 -3.21917296793739979e+03
6.58777413168483963e+10 5.10610012655648804e+09
-2.39164512390069695e+10 3.47469185151664988e+01
-5.28808566931340694e+08 5.28738136331485305e+06
-6.95728531618545532e+09 2.06040794564303906e-10
5.20364913379928566e+03 -7.71150888734571112e+01
4.55263370291526248e-01 9.65942852908410318e+06
-8.72512157107222492e+01 -5.53977921703812790e+10
-7.33919573241433036e+06 2.42941685436760541e+06
-7.29617429700903606e+09 8.30334070339911063e-06
-4.35655391748893976e+08 8.15627034739718170e+10
4.41261065299810706e-10 -9.47261083878802879e+01
5.92482152716042940e+05 -2.66691611640852224e+06
-5.33927872894411697e+10 1.77796404294192691e-04
-7.33554492158760376e+10 6.05915315572536783e+04
3.96962361298651786e+03 7.07492364970101584e-07
1.22401269902672378e-05 -9.30210804132209024e-01
-7.79272604956357749e-06 -1.05755818331710435e+06
-8.82854857657177590e-07 9.54948250501785912e-10
-7.99805248467699219e-04 4.29720103927559419e-09
-3.04858779795100021e+09 1.76862078795883169e-10
-8.82020735919254117e-01 -9.18546896375797701e+02
9.49736286795214633e+05 -3.24576056057912250e-03
-2.28347899810885130e-01 -9.65905609690239544e+03
-4.16203816092869311e+04 -7.21740822803114274e-02
4.43867161117392328e+01 -5.94310428502274513e+08
2.32826330509067606e+06 3.15375787904105174e+01
1.08929202597515307e+01 6.16587957046419444e-01
2.32461962030301097e-08 -4.82163720545635986e+09
-2.44430847709836661e-02 5.35866508231187400e+00
-9.99289386022238039e-04 -9.02275451329322565e-04
9.98824631200096770e-03 1.65819306229591916e+01
6.59567197265759169e+04 -2.26399724689461669e+05
-1.03991806149109150e+05 -6.29603920563045235e-04
8.10472776593298535e+05 -7.68111068268930337e-07
-9.84246262557321757e+02 9.84002523769785148e+03
-1.64774405049305909e-04 -3.90978061973724977e-01
2.60054222936504549e-02 6.68622199018032532e-05
-5.14240962013521862e+09 -9.40993968353490260e+01
-8.87716622375982579e-10 -4.51573800965159222e+00
1.90739797044676561e-06 -7.59716198114198569e-10
-9.81743404915341511e-09 4.95496573067633435e+05
4.14814876631099873e-09 7.09313803465287511e-09
5.77573612923608870e-01 -9.49802210698563707e-08
4.01673900248430716e+06 8.66432372388873384e-01
3.25112053590668362e-05 -5.40418423196088042e+01
-5.93776397554569092e+10 7.68976527563766837e+07
2.91389418353699747e-01 -3.19567039468083403e-01
-2.50384999992733421e+10 -7.23301645649030223e+05
-6.48032952894972055e+05 -1.20576972570511746e-02
6.29917746783482362e+04 4.14121487001876468e-02
7.76646979361869860e+06 3.69164130598597789e-02
-5.90381326685308795e+03 -6.59089731507163795e-02
-1.47497858198379701e-10 5.66937981724927866e-06
-6.15634132152537537e+10 4.73309525645096887e-09
4.73471398255889797e-01 -1.94818578127132945e-07
1.31891325782554113e-07 8.96005982555078626e+08
9.31889307479337752e+07 -1.30203047870449723e+03
-4.17679241270005628e+07 9.83591824234433809e-02
9.39110543010904694e+09 -2.28069704139971989e+01
-3.68830113507234107e-04 4.77597939708430591e-05
1.45424399493465012e+03 3.31281799873236237e+10
-6.18844681376377270e+00 -8.84603877687349042e-05
3.16433404335924262e-06 -1.91519736938602562e+10
1.57272558478779509e+05 9.51761526227310002e+07
9.90184092078363299e+07 6.88752638742812833e-09
8.26860357074550837e+07 9.51025795569557697e+07
-5.61140834583215309e+01 -5.70570427024613023e+08
3.87448195029964186e-03 9.25462931460436511e-02
7.91272479662103656e+00 2.82991121624768681e-10
-1.24008529381620755e-01 8.49563506628252529e-01
7.97663073542588141e-01 1.12800268740277561e-10
-2.17511229336542221e-05 9.07708719252183762e-04
5.02433132085772324e+09 5.58315415226473734e+07
5.60198537472386169e+09 -5.70010627304347229e+10
-5.10157432401391292e-04 7.16330917061198503e+06
-3.68348991181713338e-03 -1.77991222910280771e+03
3.35829193744690715e-07 6.24771435018060729e+07
-4.17406772640224825e-05 -4.57180983158328707e-03
2.64722512973363848e+02 -3.57521675349497236e+04
8.59789225712048051e+01 -1.35786971258997857e-08
2.10536916812053472e+07 9.27641663008502704e+00
5.47782661513851019e-07 -4.62581170498432871e+06
7.65544151786208202e-03 4.45971382333583216e-06
-2.26157590202140923e+00 7.97506897644669656e+06
-7.60082818367865951e-07 5.71938420393767501e+03
-1.36030397137050591e+07 9.45283159773329389e-06
5.33254643813650842e-01 -2.69376729882451491e+03
-4.37334750928941491e-09 -5.08093165940585720e+01
5.40343622264523366e-09 -3.43324331533685779e+02
3.59887390497570695e-07 8.72481231850398160e+01
-3.26197004098188728e-08 8.59165360732482182e-03
-2.99911523188003703e+04 2.26176109049630306e-05
1.25724919392541865e-08 5.76737134176705322e+10
9.25433541419684142e+06 -3.47016400025496120e+06
-5.45903964608580589e+09 -1.47076133562426895e-05
8.36285548300025283e+01 9.65211471296838760e+08
6.77000560226822926e-06 1.44143971964143993e-02
-5.11970477632215509e-04 6.43388172336826614e+00
-2.23588317821882132e+00 8.06250790865288650e-05
8.76968709346526265e+07 1.16584375668871535e-07
9.12625155656724701e+02 5.64957771832142211e+06
4.86581729536937346e-02 2.78955304301836644e+05
1.10100443009452229e+10 4.94569830752542217e+00
9.28847803492985666e-05 -7.94767551368329471e-09
-2.05737712886089821e+03 -9.17358821494091511e+08
8.55223495991171490e+00 -3.19724060654345760e+06
-1.45422287317010692e+01 3.43283780343271592e-10
-5.11851031841882354e-08 6.99132756034637690e+07
9.71723769767097756e+06 2.37840483043845387e-04
-5.18198816520358194e-02 6.25868026155695319e+07
9.22062215771405334e+10 9.13086391773556966e-02
-3.85050073759595537e+09 -7.18101178462650458e-09
1.47481788940229334e-10 2.62311529099092307e+06
-6.95528374812323449e+01 -4.51274530898825610e+00
-3.22660661272003359e-04 -8.62570740051008422e-09
2.97562640139122005e-03 2.33209647553420263e+00
3.91641886112699418e-09 -2.95870512744297646e+07
9.05983989818838209e-02 3.44619966556094395e-07
1.50410251815590698e+02 -2.00902412844137147e-07
1.75689859296549171e-07 3.31555203489366511e+05
3.76104129052683811e-01 2.32863237954177661e+06
-9.33245598602505646e+10 -2.92022936901976967e+10
2.41871977848436022e-09 -2.82832250437203111e+04
-9.69675811748979330e+08 -1.33024394099115676e-05
-5.00766124215506788e+04 7.33141576089983856e-04
7.96612720882232513e+10 -7.55233634831945445e-09
5.94582438393264568e-10 -2.37685076311871080e-01
4.69807969370729950e+01 2.64998219339615677e-05
-1.82193947470509724e-06 7.10857105824985614e-07
5.44894738076011124e-06 -1.78953809469561338e+09
-5.29961696938849092e-01 4.65148132590188015e-02
9.51058894749686488e+01 -1.32093636495996246e-04
2.83722941013709211e+09 -9.64056042969867096e+10
-7.06787538683250378e-06 1.76813918228401832e+01
-9.73968374619744566e+01 4.54931454949934009e-08
2.81605861945535352e-10 -7.65279625536274910e+09
5.52675411075125647e-02 6.64419236864522560e-10
3.16586963049236569e+00 -4.11086632279086747e-02
4.43941429579806595e+02 2.74279869183895220e-09
-2.39194468613769375e+07 9.62472043963942631e-10
7.55235300246567360e-06 -8.03962172034938476e-10
-7.48612447149715805e+09 5.45398234019875204e-08
2.65240270955906287e-03 1.73418614052748440e-05
7.31097600328903709e-09 4.39657704828246236e+07
3.38194754638202139e-03 2.86737238364735067e+08
-2.13823490881966860e+00 -9.12617808824386163e-08
-9.44253130675868062e-05 6.28854118838590659e-01
6.50499178196312577e+00 3.08811678602229781e-08
7.30206732023887858e-03 2.57666179827258723e+00
-3.03494284173781888e-03 7.82771836895705105e-08
3.10549919597284459e+07 8.54977799375224471e-04
-4.94007114710209622e-04 8.17870761525890783e-06
-5.45919423336157455e+10 -2.90375572080446031e-09
8.56113933140130138e+09 5.07048196623967669e+05
-4.19098569718418175e-09 -2.69439980989868164e-03
-4.18093909526957460e-07 6.11619676273285103e+09
9.43445812880722198e+10 -3.48826799269580245e+07
7.62445942901797814e-05 4.24459953875965489e-04
-6.22177739126860363e+00 -5.19146131944738787e-08
8.25111365647067904e+08 7.99507063274372425e-07
-9.37398334736493416e+04 -1.99772022665806276e+03
-6.86035728940124815e-07 2.89056834782274541e-09
-3.31325581069594937e-04 -4.48124029347331003e+01
-6.90962226961926153e-09 -7.70669270648098866e-09
-6.02372937340958557e+10 4.80310757802701443e+07
3.17725819135127735e+09 -9.31833783923852682e+08
1.95245159948850815e+04 -2.07358410627973416e-02
-8.67832825940808874e+01 6.50753138860018775e+07
3.18091240381346097e+02 2.49450455755965322e+03
2.33820470211433480e+05 6.25017006358739247e-01
-7.22576042856704404e-01 6.71737131853919625e+08
-6.17395631459725428e+03 2.14473036513242742e-07
-2.82113734811048926e-03 9.66620451780890066e-01
9.50239095391123039e-07 -4.64003517305640930e-03
-8.71844797432406760e-07 5.57144896481267060e+05
1.18639950971517642e+06 1.63569248010541087e+04
-5.28699143124475493e+05 5.26407234025958314e+04
-6.76925887218480327e+00 5.12302367546630787e-03
-4.55808165431096906e-07 2.36937329810771802e+00
3.71277608715719869e+06 -1.06386146276278350e+03
7.93712225357715112e-09 3.50095298160668463e+07
9.18135565964823961e+08 -7.75383039269248111e-06
-2.59037792531265936e+01 7.17615929470247355e-02
2.08338734589114893e+03 -1.34258945226348528e-05
-1.65902193192958897e-06 -4.68875883289181123e-10
-9.12590287066860183e+04 -4.62045611051174884e-08
-2.95585854563672155e-10 -5.70791441333643124e-01
-7.24145580754349680e+01 6.23485923468364810e-03
-8.51980372833872773e+06 -6.42600559348516784e-05
-9.69095274229801941e+09 -3.92684237288219035e+07
-1.47557807943976630e+05 1.13599139623867543e-04
-6.69542682672475494e+04 -2.64600441232319000e-04
-7.16076633217997853e-10 -4.43569404047211446e+06
9.05332150215417147e+05 -6.54284202794944067e+04
-3.27844436396422384e-02 7.50466135417714017e+05
4.86094594409228082e-08 2.95758745359990001e+06
5.51068107025697032e+02 4.13644661452233831e-01
-9.91511541256280899e+09 -1.83518696981766075e+08
-1.73273667616458447e+06 8.31782164663099977e+00
-1.24624781813319027e-06 -7.20127290577851298e-01
-9.15129205743865750e+04 -6.58481566606684554e-01
3.57089858305404850e+04 7.88876395349844706e-10
9.10188783984994075e+02 7.89504823011747163e+01
-5.06276873455892051e+00 5.37822413125596237e+09
-1.13796738644983426e-02 8.58531349761876336e+04
-8.32261378543766561e+00 6.85281128991026425e-05
-8.86496729666658105e-09 -8.67982899538192539e-10
-6.95862680393601239e-10 -7.15645516009155661e+05
-1.45259010756967247e+08 -5.79835918352397606e+00
-6.88069376732979831e-09 -7.05512309159729567e-03
8.20576358300697327e+08 4.85363319136450360e-08
-7.02060974942545127e+06 3.00163469309796503e-02
-4.74811675277675649e-01 2.18753805907631722e+04
3.88682850300795489e-04 -1.52489603290742903e-01
-9.67672575416928282e+00 6.00034215125995195e-06
5.06883496872239709e+07 -1.31527673265145751e+02
-4.80403535732685117e-03 -7.43073480371831101e+04
-2.98896661745257454e+10 -3.96390913122540787e-04
7.20266244841367705e+05 3.47943852689431523e-09
3.15068002378434893e-06 2.47409974705828135e+04
-2.38229630620675348e-04 -1.90990758581029280e+05
8.67344035579653271e+06 6.45396651365878992e+05
-5.55669236406958333e+01 -8.80334337134188175e+08
-6.75237687947242057e-07 -4.57991881660763100e-01
6.82424796733016594e-08 -8.48659121729115695e+07
-1.01630199751936074e+06 7.86882280023823359e-09
-4.92444903179140449e+08 -6.70728722690078390e-03
-2.82639722026985555e+03 3.16730725618344707e+02
7.25116919356297106e+07 5.11826902322285461e+09
7.73946815588384986e+08 -2.68069285276662317e+00
-4.91091553929866187e+00 -8.60798575213391567e+05
-9.63304323134818268e+10 -9.24052148842346124e-09
-6.57847959160161159e-04 -7.95085483878096734e-10
9.20981098987420310e+00 -9.55746705572649112e-10
9.98770400873389244e+07 -1.64444364503260506e-08
-1.53759698872164611e-07 -4.77624891526093270e+04
-3.32277222239161900e+05 -3.92870068653451890e+04
-2.20038374872726085e-07 9.72461694443049789e-05
8.14437381711227508e-05 8.39902373294345975e+08
3.11704047795642980e-01 8.42094918789225343e-06
-9.51371870479968303e-03 4.45805467245295680e-09
5.54200707601874787e-01 3.19842236415413222e-07
-5.87461072200266831e+06 -2.96156783948747515e+00
-1.22995608090782408e+07 -9.29684075258112907e+09
1.43136181788888462e+03 4.84384525932555989e+04
-1.35841635613918696e+07 -9.97401853841173619e-07
7.66573376958691634e-10 2.60441267397687696e+07
-9.90610988696481165e+00 -2.02527242839798462e-06
-5.52884277262101020e-08 9.90716242615193732e+03
-5.46085950512571457e-05 -3.02010043341911349e-04
-4.97201111238537058e+07 -5.68941290397629054e+04
3.23651771925221425e-05 6.82974601452956069e+06
2.55290405713403821e+07 -3.28981684183738641e+07
8.98330013346413732e+08 -4.37123543312223639e-02
-4.66338997163434018e-09 -4.85069331994859222e+06
3.88732437138599977e+07 -7.84543758227724076e-08
-6.84840229386530063e+03 -6.15492037882482723e+00
-9.16715816027891040e+08 -1.83577591901054840e+10
6.77449171247871362e+01 -1.16135044095284819e-08
2.32977271703560733e-10 -1.49000239254861500e+00
-8.00231355580521934e+06 -2.99828263159865500e-10
-4.29820299590483679e-01 -2.29239882410024308e-09
-5.85853462963422000e-01 8.74557825294601868e-03
-9.71310578307260341e-08 5.53426883241381784e+00
6.51682979233562332e+00 5.45270607402851049e-01
-6.88979771583193734e-08 -7.27623961297578812e+07
1.28086952573470967e-09 3.99634977305166321e+04
-6.33738061501388051e-06 -5.51743554378597692e+04
-2.92007116469344823e+06 8.43579182041005300e-09
1.03054531724292719e-05 7.50271679890334964e+08
-9.81720456569421458e+01 1.08908569421124352e-05
-5.32919195832730896e-02 -8.31196597524304224e+01
-9.12997599944997050e-10 8.27463627612752188e+06
-1.27192869365668144e+10 -3.53838307516463658e+02
2.47887997675864911e-08 -2.30380519645520835e-03
6.31123451998797609e+04 5.40350194915928060e-08
1.34373469652753247e+04 2.94273619443275442e+05
8.56861748258448963e-01 9.10107959291837005e+01
-4.90238792864817320e-09 6.78440794846442616e-10
-7.61291866257076606e+01 9.82046737792409749e-05
8.68105038467601700e-04 6.01368813493248222e+00
3.83276831654124617e+04 -1.66284285964517650e+05
9.80222557236434811e-03 -8.26790441958241917e-01
6.05097943464506461e-06 -7.42691768959144509e-05
-2.07285900000390205e+10 -2.15056455126696278e+02
7.54188128601557083e-06 5.28395298696352877e-08
-9.37116625964003269e+00 -1.18013549602210961e-04
6.44189262846238658e-03 1.90958802604994824e+05
2.40043913943275547e+09 -3.28344277938269119e+10
-8.97327687948586218e-08 6.31578676033971709e-09
2.96126018569657207e+06 -7.87735546383098836e+02
1.98164783685278993e-04 -1.51242414160147036e+04
7.14060497881915467e+02 4.54630206420009636e+04
2.91696910221200258e-04 -9.87966265926921683e-08
6.06600208576878941e-07 4.98347835566122654e+00
-9.83632762490059758e+03 -6.97177651517534351e+09
-7.12048488908983756e-05 7.01160721943191073e-10
6.95589058527611831e-04 -5.31230579163462372e+10
5.51654826144649165e-05 -5.30005046809050903e+10
-2.70406505110036824e-08 -2.99217665852366269e+08
9.17941937856358500e-09 -2.52041426873508793e-06
-4.70828688272219879e-08 -3.23451219011361515e-06
-5.49505563318525553e+08 -2.84673032547690315e+10
8.77340992522100301e-07 -2.15711145318303237e-08
-4.69687400661165884e+03 2.17665161694367975e+07
9.19458066753147244e+08 5.68537453732458108e-04
-8.13470755859160519e+09 6.43499768139428205e-08
6.72674002434807544e-02 -1.60938208403574812e-08
3.46466034055778732e+10 -2.15097221306531648e-09
-2.78759784322554918e-08 9.87429361183726935e-03
9.42419293530376745e-10 2.14926613045509160e+06
4.26358900459725612e-06 3.74647914189460141e-01
4.83331142408848383e-05 9.45111168683420181e+09
6.36939694783204913e+08 -2.72239399089399592e-01
8.37335071849500426e-07 4.50783634838677461e-07
-1.33559013737450812e+02 6.38926832455706431e-10
9.64772653590579125e+02 5.27299807497916394e+05
1.79742204779881467e-08 -5.52421670205620590e-03
7.22467065641621157e+04 -8.45761146543150928e-05
4.18504949389922791e-10 5.88743653377560691e-09
4.50108918145002826e+03 -5.69200668623720765e+08
8.36578442983222158e+03 8.30018223401864771e-10
2.46474192362604916e+08 2.37281833168919525e+10
6.39727427525508937e-07 9.16443557286423753e-09
4.22998377514598236e-09 -8.00721897566547705e+03
-6.98648744812842432e-08 -2.49544133313178663e-03
-5.24391259398040575e+02 5.95789510249440015e-05
-6.03767965816945584e-01 5.76102738008070644e+06
-2.01104142569586926e+05 -4.93760863626118540e-01
7.80929843207295278e-07 -4.68267410305836584e+00
-1.89198428058801635e-04 1.52815263715677778e+05
2.21674048820223843e-04 4.38089751426853298e+05
-7.06517154716833383e+07 1.08997672361669736e+06
-8.09492949549623445e+04 -4.54325449614789818e+01
1.00962984779039611e-07 3.42782152407353124e+03
-3.82135260579749281e-02 -1.20583209530782165e+03
6.43456225368405106e-07 6.82932290511084299e-10
7.56750535729031835e+04 -4.56169281240233726e+00
-8.02995131280632556e-04 -6.25617779748406377e-02
-3.36285312667403653e-09 -8.84127852537646240e-06
-5.69229904361893516e+06 -6.62932631020119629e+01
-6.30454752012404073e-07 -5.65160563702502873e-03
-1.03114066067004378e+06 4.19687177916789515e+04
-1.51430833635723324e-07 -1.90807261067537047e+03
-6.17964707409684658e+09 7.54012154915554726e-05
-8.95543133983216535e+02 9.11257864828350022e+05
-1.37002302674364392e-09 -3.46540839013120830e+07
-3.64564804914910168e-01 5.70603373659162899e+05
4.24804500231388449e+00 -3.31038883736964142e-07
-6.28175125980369449e+08 -6.55195464791969849e-05
-3.13382146558569774e-01 -3.66555834046106810e+01
5.94272804488881246e-08 -2.77784192103042233e+03
7.72558909176001424e-02 -9.49360132658378864e-10
9.74833631441654980e+00 -5.91513732834902332e-03
1.26071906870274805e+07 -4.04045943399611085e-01
-3.87662678519186855e+05 -7.19120500149666305e-09
2.00739431310395476e-02 8.34238485010128061e+04
2.54252112586788449e-08 -1.31417815990252647e+10
-8.22588244517552880e+01 -7.51957588428129721e+06
5.49558336295832177e+01 3.50967030522321920e+02
9.87125884721598816e+09 5.48268563046927042e+01
5.50067392516621039e+05 2.27555208847609684e+07
8.13248188727285354e-02 8.40393520448606997e-03
-8.33202427439373499e-07 4.22313695325870609e+09
8.25627424556455922e-03 8.78459647246543129e-01
4.25815909809933601e+03 -8.08499000790342251e-05
-1.92279260673525780e-07 2.81354241192044824e-09
-4.26489636824051202e-07 -3.66899282864006210e-04
8.61862784340967983e+07 8.90793623591285686e-06
-6.13876952225909447e-02 -4.87968577987210717e-01
-6.70231623688903730e+06 5.73606795769180655e+08
9.32362727478013676e-05 5.34150662794843245e-01
-9.13525185012604995e-10 -2.82002784197855460e-07
2.91140520327715646e-02 -1.50505043221932036e-07
5.96065544607018182e+02 -5.02460224222883971e+03
-6.43788611123240510e-05 7.53613712794578227e-04
6.04045531043148103e-06 -1.43978027984535515e+03
7.55385886548162091e+01 3.10052864330764174e+08
1.77930344370015373e+10 -7.05976337003292749e+05
8.79460805260106213e-08 -6.31610602744241518e-07
-5.56010196489406776e+09 -4.72237724864017994e-09
-1.69527717249011726e+10 8.90397168101224452e+03
-9.84168284123087078e+07 -9.43639098146989755e+06
1.69831640554406481e-04 -7.53361811571340241e-05
9.83722761155393921e-02 4.56841290055367676e-03
-7.33070278885997739e-02 1.77148816979430237e+10
1.80753166221992119e-05 -1.81236070656813496e+02
6.53835074219397939e+02 6.38100570779566115e+04
6.25572518928674412e+09 9.47153407388619337e-09
-7.00079650947788238e-09 -7.42873873617789832e+03
-2.44385133154032957e-01 3.89065662638570666e+03
-6.16283410115233983e+03 4.32483390711044884e+09
5.50462119569915210e-04 6.96698232174094391e+10
-7.37203890381146522e-08 1.87537216061962164e-01
6.22495911116490606e+04 -3.63963467033687404e+00
9.17370213539272671e-09 9.62193080024134766e-08
-1.19800182319902683e+03 -2.97487986216786259e+05
6.60774327904876224e-01 -8.89211046055647246e-04
2.83224244213377228e-08 -3.34412455864686596e-07
2.05102499527609558e+05 -3.14276678671581089e+08
3.68619047358008225e-09 1.62664043631093595e-10
5.56200605815206727e+04 -8.48085998365795604e+02
-1.67741954604246106e-07 -5.26441213217031523e-01
-7.25366010342096829e-03 7.75144722485192616e-08
-1.11008735329942793e+08 -3.55507233887813072e+01
2.85214182031213859e+04 2.30609362329440455e-07
3.36350011658959357e-08 7.62062454325452854e+04
8.73413094524316862e-06 8.35201631178602351e-07
9.62057731899410712e-02 7.42061932423211829e+02
8.66846033283041776e-09 3.66916810819412520e+00
-9.21464056079299826e-05 -6.60663317115411149e-03
7.90361650967936786e-05 2.41516265899489468e+01
1.79714373202608265e+07 -1.90461268480593650e-07
-7.23326710629432760e-07 -5.73202164675849843e+01
6.85168703289952469e+10 -1.09206357063510118e-01
4.65362657448297425e+05 -3.99012950114557216e-02
1.26955557654192353e+03 9.28268973488644349e+01
-8.96390921668294816e-01 -9.66345413064735609e-07
-1.46110299691926401e-09 -7.30256688402748853e+07
4.29437968426542044e+08 -5.37031084974365358e-01
9.15336703899871791e+04 2.96373330276910245e+08
-3.93196389416526273e+01 -6.88251505405924777e-06
8.86280067418633145e+05 6.95234646213195038e+09
4.71486516022668638e+02 5.47238393609996201e+04
-2.50745275512033146e+02 -6.24924916652686081e+10
5.27161332598809619e+05 -4.87507825520598068e+10
-5.71722105726772716e+04 -5.79162247897290414e-02
-9.28242139716272987e+06 1.82815818703700206e+06
-6.48103875730980596e-04 4.46196532188160038e+09
8.75985792652240787e-09 -2.32152358111043455e-01
-7.89054987087397792e-04 -4.58820775427214176e+03
-1.05963232372971880e-01 3.57404662014278927e+01
4.21430334216396750e+03 -9.21069917438123633e-06
8.61791989537462359e+03 4.54665591192814099e+04
6.72145887587679880e+00 -8.05358227850197750e+02
-6.64267875625612032e+03 3.26441210551948213e+00
-6.69104273364403794e-10 -5.72641457318936675e-05
-5.05561608816523246e-09 1.54733991165167186e+05
-8.09427386055578680e-06 4.55636604234535596e+05
6.41858964475191802e-09 1.28819252777428940e-04
-9.65324788714098531e+02 5.73265057997678471e-10
3.70032774316023959e-07 -4.37728595665839407e+02
-3.83395974943255091e+09 2.63123637885532713e+09
-8.94173840510873675e-06 3.92770378309774542e+09
-6.71506069011545032e+07 -4.73129926517654094e+04
7.66932259265654429e+04 7.93700285317666732e-08
-7.49478567018529816e+02 7.59104581678067721e-04
6.02642535634486829e-06 8.08626905760535699e-10
7.76668119226230754e-06 2.16765430260635102e-10
-6.72339937202812848e-02 -4.23306059146925747e-07
9.23451891595555425e+08 -1.48040071124437783e-07
-2.60151701124834233e+02 -1.48504669721807707e-10
2.64405614602858317e+05 -2.70336893170071381e-07
9.47885046380034299e+05 -4.45268935246803021e+00
3.02747260956337072e-04 -7.10629677539950322e+00
-5.55472878904136363e+06 -6.38055295592953149e-07
8.33653847802984970e-05 -9.27574853021607138e-09
4.43137317696280318e-09 -6.12124392080438821e-10
-1.32225868009324092e+07 -6.92961655249953123e-01
-9.23813466922029724e+10 -4.59356620569522901e-09
-5.83660393425236394e-03 -1.72449134686168924e-02
3.54903652819669768e+07 1.62197169126488807e+04
5.73438029230222479e+06 4.20347571606826839e-06
-7.05589197375898220e+04 -9.12724732800462988e+01
1.08099956101700110e-08 1.17503377510378723e+04
-5.83164458350222591e-10 3.94588144906658672e-09
-1.19154169647383412e+00 -9.63928796351245728e+10
8.20652567499521868e-02 9.54031401610212626e+00
1.04356880256537514e+10 8.18152672670599669e+07
8.67718508857464222e-09 5.54683413516436304e-04
8.13227601017280977e-01 3.60986018186861053e+07
-3.90564435069993754e-05 1.33811131202580291e+06
-5.22526392803309536e+09 9.47502598220565284e-05
8.97502200634500008e-02 3.22631257224047924e-04
-3.98411235743447151e-06 -5.74900304278544770e-08
-1.38092421700142557e-04 3.94339331237893319e+05
-3.70027152077478640e-09 3.88662934454414544e-09
-1.63775622407635885e-04 -7.86894255985656660e+06
-3.86634974614507600e-04 5.99716908775007905e+04
-7.13836278228740091e+05 -3.49248622891346691e+06
5.62495838469921683e+00 -3.41305521711575238e+02
-9.00244866972425039e-10 1.31456502762151555e+01
-1.51949241271872592e+09 -1.60371250906285269e+02
-8.87844114848753974e-02 6.34032312522143205e-05
-7.15948587810476766e-01 8.37856137685961148e+04
-4.37043012953536100e-10 -5.10795420624328253e+04
-4.31325604408798143e+07 -1.56620548898636084e+07
-7.17757803022791500e-07 -8.79482599076637998e+05
8.04274874363686182e-07 1.97211214154520587e-01
-2.01389278227438349e-09 5.57690527474754276e+02
4.73641284131672233e+05 8.70797978807007667e+01
-5.36189230313687120e+05 -7.98587761809989478e-03
-4.97940580614032392e-08 -8.39290891634635227e+03
-7.72865861756373444e+10 -7.90792264284827240e-03
1.19775279487158279e+01 -3.66040796841039330e-10
-6.29057342102762132e-07 8.30736266171622282e-04
-8.18091207817290211e+09 -8.19690780727920810e+02
-8.77773879330512322e+06 5.56824626165481401e+05
5.67221598549752525e+04 -1.18143324510042200e-10
-1.31820279410481378e+08 7.54797122187876552e+07
-4.08728948107944876e+07 3.43079915557667643e-04
-5.83489793009846561e-02 -4.07909920480716362e-04
7.73965822674942849e-01 6.95697100544640534e+02
-5.25545787839473572e+10 -4.33059131004459441e+08
-1.71705586074047834e+07 8.18086484645964873e+00
-5.32271528514359105e+00 6.34972885289784893e+07
5.05981571255709499e-10 -6.84639980336069584e+08
-6.88242866742619663e+04 8.57535066639668076e-05
3.26339430026839409e+02 -8.64579033559924710e+01
9.42426676658477663e+04 -8.39179310781286040e+03
-5.65346671279484880e+00 -9.44666459141940402e-07
-4.76555431497768402e+09 -5.40442390736566558e+07
5.10380615084415538e-10 -5.93240216639276774e+00
7.39040642227765075e-03 1.33253324623290581e-10
-8.56142239137732730e+01 5.15812526810120524e-08
-2.06022404655013112e-08 8.43011622722774994e-04
-2.40643021426383493e+05 -9.76210397658238799e+03
-8.42423114923172579e+03 5.92727630218622563e-10
1.57427222000789479e+05 1.90520717677175794e-01
-2.43824516394510649e-10 -1.76080055692934781e+08
-1.79004892519018380e+05 -4.67161670611602289e-08
9.69072848066098364e-07 5.90376504984301482e-10
-9.88703816104112912e-03 -5.09776369290657749e+03
-5.10315025161027710e-02 -1.76600815419709784e+03
5.11815809552535177e-03 2.87419606063553831e+05
1.59920344201019936e+05 7.88390221396833897e+08
9.09570829657943298e-08 -1.44119071228887257e+06
-3.54710949285930192e-08 8.22050658111407898e-07
2.64841113252865838e+01 -5.16969163923998849e+01
-2.69058961234253236e+00 9.78224506211493863e+05
9.40811805678126373e+10 -7.87719395454644089e-01
4.61159270013092731e-02 -8.29282671907140320e+03
-5.00270233806156557e+03 -2.63556116631691875e-09
8.95838354699358796e-01 7.44294378825093304e+02
-1.50969573093058192e+05 -8.80872053838424249e-03
8.28688579029799002e+04 -2.64410739703482017e+06
-9.90502806153722428e-04 8.46454167943128458e-03
1.70538327399247294e+02 1.37189560717721377e+06
6.19289815762638580e+05 -1.58660415328156163e-03
-8.99321613198986181e-04 -3.04697293440630457e-01
-5.90314164943208817e-04 9.18865135501390796e+03
5.62517616418798934e-04 -8.01297720375051629e+06
9.31755947964421409e+01 -6.24538552482675229e-10
1.73831055530478989e+03 7.32413751438882488e-09
9.03313916597618312e+07 -7.84924045984580789e+03
-6.79917862772757326e+03 5.99422415041442598e-07
-8.87393142841514434e-04 1.53791637440884948e+09
-5.33471384389091845e-10 6.92405106535678351e+03
-7.76530914465853837e-04 2.56032084139699335e-04
-6.38357212732231522e+09 3.51305129238941148e+06
-2.25220157903935560e-09 -9.10783608229692558e-03
-4.14616852026374638e+07 7.73900551808836288e+05
6.58448078027114672e-04 -3.18812189556918879e+00
3.67058360355562763e+04 -4.96982067526872814e+08
-8.31760951258856803e+06 -8.93635709100935628e+02
8.51517786990631365e+00 8.07356796083703924e-08
-2.53329239336247407e+07 8.67582147216199928e+01
-3.10042238027043995e-03 -3.21514721016980940e+05
-6.45451957496273487e-01 5.29034971658910308e-02
6.82640499151596069e+08 6.46022514093644028e+10
-7.33160927856986642e+08 3.73034480490918959e-08
-6.81250507353169621e-07 5.69346925280007773e-07
-7.39160849387402413e+04 -2.96170013905507744e+02
7.88101617019954315e+00 4.43077609491256624e+06
-7.52070642992135276e+02 -5.01104464656657912e+06
-5.48122392270435055e-06 -1.06511247258384953e+10
-1.80978526354124333e+04 1.39223044458203793e+10
-3.73991921588570858e-07 -4.17881965017880084e-03
-4.29945760295717592e-08 -1.80813643408557477e-08
-6.91043259402523804e+10 -9.12320775863879491e-07
-1.86960585328595251e+08 -4.70027616724783783e+10
1.83420860903614064e-09 -5.43171984112800477e+00
-3.16078888980856761e-05 -2.20528893055457601e-05
3.68375290436408402e-07 -2.28755964741328825e+02
-1.85596538435862115e+01 4.58980516275013855e+05
2.53114976556601157e+00 8.88951273009314207e+01
8.81048007940235189e-01 -1.32044962796611661e-05
2.65187233788079324e-07 8.13385345594807457e-04
-6.09624831748037973e-04 -5.25885882306340682e+03
5.18846338425855156e-04 -8.30147078374669582e+03
-6.39163867268610453e+00 1.48017634153410127e-01
4.48329638036279500e+08 1.66114807839412256e-04
-6.61818690548740017e-08 8.80419619219292574e-09
2.33173189765564093e+00 -3.40767605166736814e+02
3.51832904323514731e-02 1.25742317280620456e+09
-4.59168216279807058e-10 -7.76705290077727688e-10
8.18854174275272159e-07 8.53890712177125255e-02
6.77477972279717164e+02 -5.02911720990209575e-04
-6.76876648627093971e+01 1.80863380537215695e+07
-9.30680530682587826e-06 5.67194600885374025e+07
2.45354607815926109e+05 -6.83044092028996229e+08
-6.89214821721612592e+05 7.59993495887534809e+04
-7.07191136681472130e+02 4.67553614417490743e-07
-8.22669128811633898e-01 -7.62429381253609608e+04
-9.86735237509002184e-10 2.70525842912675696e+00
-8.63950515178120136e+06 9.02972596727342413e-07
-8.41489110265052576e-10 2.75166089085748057e-05
-5.54693954510588128e+02 9.87683726792950786e-03
6.83631155567937228e-07 -9.93947127348304371e-01
9.29635389319471718e-07 3.00801059305863038e-06
2.62901306917557605e+07 -4.57822971516503755e-05
7.07991664676816562e-04 -8.61885632528471251e+03
-1.67228465243742796e-07 -6.19320208412038162e+05
5.75320264662538846e-07 -1.80680734660432181e-10
5.79976627810033225e+06 -2.09079075058438636e-10
-7.43248257512378707e+00 7.37768226875665486e+07
-9.36104825712664992e-06 2.53942799476480330e-07
-1.79092070599333340e+02 -3.87142169406437920e+06
4.85671009124073727e-10 -3.49801200395074841e-01
3.30692969494701464e-02 -2.69638722081420655e-06
-8.44111637151615154e-07 1.62984926680199216e+01
9.01490918336675720e+10 -8.33565576845495999e+07
-6.54170191301585000e+04 9.69206201177989841e+08
6.42524422966376438e-09 -7.77227773875995772e+04
-1.42340975453597981e-07 6.75096563630849227e-03
-7.35596057842051778e+03 8.07226451748319436e+06
-6.10162859234048576e-06 -1.84117487860577136e-03
1.60590947510204673e+08 -4.51858860755908009e-10
7.68920729313951045e-07 -3.96253062225800795e+03
3.83366347334697988e+00 -3.67764947951477768e-06
-1.95772865248951822e-02 -1.93901408603758100e-04
-3.92902470672468196e-01 -6.06188900588293545e+04
4.95958596495264396e+06 1.50818929683080991e+06
-9.50309862195145016e-01 5.79949888087772299e+05
-2.68773211569161329e+05 -4.45239694412627227e-09
6.81412129942229018e+05 4.87711359514266439e+06
3.35102781310078874e+06 -3.81772264523792512e-08
-6.67647894469403915e+10 6.84523420519535849e-03
6.28058021947607327e+09 -9.86227161885120296e+01
-8.02369529240517616e+08 7.84891848662525682e+00
-2.39366016173335298e-03 4.49021493513591338e+02
-6.35305310394753825e-08 8.80215771918302216e+06
-9.56225348212542772e+08 -1.44263726342537325e+02
5.50323051934508722e+00 9.05522289133102390e+02
7.15738002705607360e+04 -5.24914379501054906e-01
9.70321448654481506e+09 -6.37035658209925600e+02
5.97467179471355525e-01 -7.79910611065876537e+02
-5.96928775285420684e-08 7.68043129195796967e-03
-1.08326953981684030e-03 5.65100566968742068e+00
7.03862346213848948e+08 3.24300531021223050e-09
-1.67345760440357335e-05 9.06785263610343602e-06
6.60321611571701813e+10 2.45810366072302777e+01
-5.50423176935461385e+01 -1.64403003694641455e+02
-5.42258720371682745e+00 1.21842246868389822e+06
-5.94087248185045810e-10 8.87890407399451447e+10
-1.78845020726181407e-02 -9.01100001801424385e-09
2.41230460483829942e-02 7.32592652083920381e-08
-1.96120402918117870e+04 9.10610926378672541e-05
5.39520487402640501e+04 4.38327544232403394e+06
7.77379057934656048e+09 -6.44858431847657594e-05
1.96602887682561729e+01 7.63474867145560098e-04
2.92330798096314446e+01 3.53759550697287094e-06
1.41981949407383556e-04 -1.36342108041979722e+05
9.91089569469902039e+10 -5.35240012852494473e+01
1.81716334803509177e+05 -6.72393777585817134e+02
-8.21366488878857498e-10 1.90919452048196907e+10
-6.46407898280041218e+07 9.08903402862704268e-10
-4.81659995632664084e+08 -2.22960012235038557e-01
-9.53280130008914032e+10 4.85425442705141031e+05
-1.16004251783181638e-05 -6.90667090382701485e-08
-4.01331106663208847e-06 -6.47007997747769699e+10
-7.69919755117656112e-09 -4.86551937211234348e-06
-1.77147197504646954e+01 1.32240606154521636e+05
-5.72571207574671484e+05 -6.70317948894486923e+10
-8.50414615246317148e+08 -2.53060769647642747e+00
2.25459125856281247e+02 -3.37478307830106725e-04
2.45854751053108300e+00 -2.84759385841332579e+09
-3.59899642233281677e-02 -7.97588357805502184e-03
5.40918319170018542e+05 -8.44743542795720237e-07
-4.61947241295692697e+07 -5.65472999270088421e-10
-3.67872072341429983e-05 1.04604601988706869e-07
9.46825501469283772e+04 3.52314647250079632e+08
-5.92583901797674026e+10 -3.78475939617589529e+03
-5.92282587946807126e+01 -6.01329625498871700e-01
-3.04623729770344645e-04 -4.16204690245149177e+04
-2.62360705075847715e-07 4.13072908916059256e+09
9.63572105893493426e+03 1.02271538510360308e-03
-2.69485495221604248e-09 -9.17296413433809493e-04
-7.09196827139128072e+03 -6.08431398644229054e+08
-8.17651039353803810e+01 5.54644338014277352e-06
-2.91669477267890704e-05 -3.74913857205834682e-03
2.35771068200002318e-06 6.01714509640784690e-08
1.15678930517272221e+02 -1.93717560076022892e+03
7.15092953732756329e+09 -6.81650642766604449e+01
3.17239221795724817e+07 8.10668230167808269e+03
-6.15580034759681392e-05 -7.99168696559569397e+10
-8.73161277192891846e+10 7.01056121386722103e-05
-3.63911661081059326e-04 2.29379146455414057e+08
-8.31282621357932076e+04 -2.54567153006493115e-08
5.07511567645830727e+09 6.50693516940607439e-03
5.30464411783064946e+01 -3.48740793072058011e+02
-1.51143230739430388e-07 9.14197432114519300e-08
3.07305333777101852e+00 1.56158347389283240e+08
-4.63024970693122635e+10 -2.68447405958659532e-10
-5.85700951990493457e+05 2.23891014474065416e+07
4.87773974519831518e+03 7.44575773020905683e-09
-6.30454120665294290e-04 8.07021743635167389e+10
-1.64489547905766290e+03 8.16525684431742256e-07
7.33783221082010495e-06 8.72737217045141449e+10
-8.22192608903753899e+03 -9.06400741387897102e-08
-2.32593561361455679e+09 9.57223559086313248e+09
8.54773115868269144e+01 1.40121313427518501e+10
-3.04863800793961227e+08 -1.42113733640944512e-01
5.53361420832773643e+00 7.31820036090451355e+10
-3.73097589048677881e+05 -1.02119761730708480e-07
7.30372807881088599e-10 -5.71544055411835495e-06
-6.48620758608454344e+03 -8.03233907448452432e+05
2.19983689701584435e+10 8.96589362749934393e-02
6.65587626844919205e+09 3.10900781739992285e+09
-9.29415798409653897e-09 -3.56758969936337871e+03
8.71751334865408767e-05 6.45292966122229919e+10
5.42813075202858895e+07 -4.89536454377469545e+03
-4.22715982736039981e+07 7.57968065627251057e-08
9.76886639576908684e+09 -2.35739297683463928e+03
8.04766037391757711e-10 8.75454090699895477e+10
-9.22645372972932920e-01 -9.32871239947733307e+09
7.19499005044335433e+01 2.85615808797511127e+04
-5.30485907570818213e-07 -4.13028011037408785e-08
5.43252946485385742e+10 8.65226489092493081e-07
-7.28290380534449768e+10 1.70023182549774305e+02
-6.32384995046167970e+08 -1.30249604943526872e-07
7.78127268468701019e+10 -7.90194432698521358e-04
9.58373732899322135e+02 -5.81322643997027764e-08
-6.01710687009238720e+08 -3.50509075735301774e-03
9.61392711722674420e+01 8.19375225199395913e+01
1.00059930192826953e-07 -7.91161744099570683e+01
7.30484487425826723e+05 2.08217239014292598e+08
-2.99463340988132121e+00 4.30792409918781414e-07
9.36159967401649097e-05 5.48120163461860876e+00
-5.22925746161937127e+02 -5.39369747892085467e-05
2.40067598378722432e+04 5.06535399370092364e+03
3.08150393241972700e+07 9.47340106286673858e+02
5.38483035443604695e+03 4.64083515312664063e-02
8.05059932855253775e-08 -9.47123366002871258e-04
-6.09850462281415346e+01 7.94203149169103894e+06
-2.16160351693994315e+01 -3.81239412195145525e+06
-8.01855668345565678e-10 -8.01058663064202763e-08
4.12796706629463994e+00 9.79778740375898450e-10
-1.73821863603496704e+10 2.14121895812787294e+09
4.62609585811950730e+00 6.16778088192230456e-01
-1.05377439929294969e-04 -7.37561446672167944e-08
7.75232884142276824e+00 1.38784284677073195e+01
-1.10239267412644153e+03 -8.42858324121313274e+00
9.46533999649095154e+10 1.85173399929756565e-05
-1.10837244135449396e-07 4.57828739977553341e+04
-8.13073256336703314e+05 -3.87110002750900226e-02
-9.17037604263646156e+06 4.22910706737406097e-06
-2.88527722621226907e+07 -4.22495545391926076e+06
-7.58458462097178539e-03 4.08818705703725976e-08
6.71323582157069028e-08 8.98442081626981544e+09
