-2.1407493868e+00
-2.9248009626e+00
-1.3306098303e+00
3.2035061520e+00
-6.6088181357e+00
1.8060065050e+00
6.9048042429e+00
9.6175102949e+00
7.6054036070e+00
6.9461046886e+00
9.9210352502e+00
4.9378091854e+00
8.2633998148e+00
-7.9702984045e+00
-5.3818375727e+00
1.3621606065e+00
-5.8812981752e+00
8.8699466808e+00
9.7647832366e+00
6.9597631338e+00
-9.5641620911e+00
4.6797166333e+00
-6.0560941173e+00
8.8941670612e+00
-2.3684790974e+00
1.4983123468e+00
-4.6170894549e+00
-1.8843090123e+00
-2.1490093905e+00
4.4561088934e+00
6.4159876613e+00
-4.8623132819e+00
4.2238107736e+00
-3.6381585311e+00
-8.5134026715e+00
-2.6229214942e+00
9.4318015635e+00
3.0748175638e+00
7.1123825979e+00
4.2017049700e+00
-4.2186034455e+00
8.6347806833e+00
3.5899968497e+00
9.8772617733e+00
-2.8104121634e+00
2.4352763227e+00
-4.6193509958e+00
-6.1421845792e+00
-3.2964517060e+00
-1.2849685234e+00
1.9273690534e+00
3.3243629917e+00
-8.2825639619e+00
-1.1155443092e+00
-8.4839965749e+00
-8.2165568351e+00
-7.0474756283e+00
1.8151813163e+00
-3.4430800678e+00
-4.3273165526e+00
9.8962388319e+00
5.8035492332e+00
9.5877817083e+00
5.3172826146e+00
-1.8409532658e+00
5.7850116016e+00
-4.8141576040e+00
-9.2829434990e+00
-6.3957592877e+00
-7.0160505355e+00
-9.0175793017e+00
4.6945744458e+00
-9.9763264680e+00
-9.2975900704e+00
-6.4335719646e+00
-8.1495341455e+00
8.3411410918e+00
-4.1975529643e+00
-2.1472660549e+00
4.8404764521e+00
9.0024938446e+00
-4.2601484356e+00
-9.0854291490e+00
9.1418525399e+00
3.3994794004e+00
-7.1712614532e+00
-4.4620422921e+00
-9.2476190035e+00
8.4723539596e+00
7.9370298814e+00
-6.0421276469e+00
5.9034449323e+00
-5.3987491212e+00
3.7834246962e+00
4.8447179574e+00
4.2335706309e+00
8.0066389706e+00
-9.9969872344e+00
2.3486675078e+00
3.4274028291e+00
-1.2222960567e+00
-6.8617695962e+00
-2.7780102787e+00
-9.7031965544e+00
7.9898347746e+00
-5.1898168377e+00
7.4067459264e+00
-9.8755727831e+00
-3.3866854937e+00
-8.2429590939e+00
6.0484211958e+00
-7.1356023741e+00
4.7711297187e+00
-7.6212594221e+00
8.9845508638e+00
-3.4761502746e+00
5.0875496848e+00
2.0203525239e+00
-6.2385031227e+00
4.9283682366e+00
4.9502680011e+00
-3.8870078994e+00
5.7167812285e+00
-4.8965787481e+00
9.0503780541e+00
-1.3997695339e+00
-7.3496195483e+00
-1.3872242607e+00
-1.4524123179e+00
2.0622830938e+00
-6.5596364153e+00
8.8279459010e+00
5.4794381592e+00
9.1697140037e+00
-3.5529328562e+00
1.5659752485e+00
1.1794197366e+00
-4.7550244060e+00
-9.9369249167e+00
-5.4368115330e+00
-1.3083402128e+00
5.2480016852e+00
-7.5438862951e+00
8.5261667478e+00
-8.0257697733e+00
3.6350205892e+00
-4.1591244998e+00
4.7624825267e+00
7.6430309294e+00
-7.2986797149e+00
-1.4268817277e+00
2.2704522056e+00
8.3829329911e+00
-5.0056430293e+00
8.8844810751e+00
-9.8792354062e+00
-2.7796211484e+00
-7.4560113046e+00
9.3895618091e+00
6.8227328203e+00
3.3432735466e+00
-6.2424232683e+00
-5.4710006909e+00
-9.7975264479e+00
7.1664464110e+00
8.5362983872e+00
-2.5930290498e+00
4.0308533221e+00
9.3368377806e+00
8.4503919272e+00
7.8268179374e+00
-4.0537958289e+00
-8.6968815896e+00
3.5483896556e+00
-3.1524602813e+00
2.4200904883e+00
-7.4918782571e+00
9.5950824143e+00
-3.0543123955e+00
-5.6198429333e+00
-9.5634857344e+00
-6.9892926177e+00
-3.9950976562e+00
-5.2614564258e+00
-3.2232590154e+00
-3.6640200750e+00
7.3818017725e+00
9.4942048227e+00
6.4166801353e+00
-3.9318151093e+00
8.6380150602e+00
3.6446336770e+00
-3.1949401328e+00
-1.8704949471e+00
5.7467387159e+00
5.4607841638e+00
8.0902617871e+00
-3.0297069804e+00
2.0602725935e+00
7.6476477919e+00
5.2552420687e+00
-5.1699730805e+00
-5.7271152403e+00
-5.3896025306e+00
-1.2468192628e+00
7.0292257065e+00
-4.5860677296e+00
-4.7156484654e+00
-1.0406263899e+00
9.9023827704e+00
-8.7196202520e+00
6.7914232850e+00
7.3444702578e+00
1.9028513658e+00
-9.1203303425e+00
2.7004924024e+00
-2.3214179402e+00
5.5917938497e+00
-9.2427591752e+00
4.8804107137e+00
7.3096838790e+00
-1.6954281128e+00
2.6320753392e+00
4.8612717324e+00
3.6267771487e+00
-6.6978119422e+00
-7.8962016764e+00
5.5485451119e+00
-2.3511521810e+00
1.8713388349e+00
-8.5188618100e+00
-5.9659732124e+00
4.7528181489e+00
5.4151820790e+00
-8.6776790061e+00
4.9301747260e+00
8.0679969189e+00
-3.1297430864e+00
-8.6595953632e+00
-3.0715814943e+00
6.3979582222e+00
-1.1288950748e+00
1.7977785214e+00
7.6793686340e+00
-4.3803228473e+00
1.4543409758e+00
-1.5932410189e+00
-1.4122782473e+00
-1.7843849182e+00
8.9104626825e+00
-3.4969402602e+00
-6.5834368410e+00
-8.1922540040e+00
8.6096140601e+00
-1.4596692182e+00
3.0307072040e+00
-5.8411842479e+00
-8.3025883842e+00
-2.3502155363e+00
-6.9542591050e+00
-1.3527350522e+00
9.4324046165e+00
-8.2108520636e+00
-4.0058934943e+00
-4.7874478475e+00
8.8526992261e+00
8.9951823453e+00
-3.6571541667e+00
8.8155097096e+00
-9.7592023815e+00
-4.7840324746e+00
8.4441492913e+00
7.6749526232e+00
9.3853370624e+00
-5.7587063368e+00
7.8983609260e+00
2.8307847930e+00
-6.9772045744e+00
7.2764506796e+00
4.8180779947e+00
2.1833752754e+00
8.9336499897e+00
8.0423843302e+00
9.1206025339e+00
-1.1950034256e+00
-8.8436686883e+00
5.1662384503e+00
9.7867139671e+00
-1.0909587968e+00
-4.3121096621e+00
-8.3705655838e+00
5.5341105194e+00
-8.5287437196e+00
-8.8508965267e+00
-5.0627269393e+00
9.7300997398e+00
-2.2305008331e+00
-8.8468031347e+00
-2.2014161119e+00
8.1025792678e+00
2.0831234997e+00
-4.0144356775e+00
7.5343501999e+00
5.9943349337e+00
7.7454620791e+00
-3.8163103879e+00
-7.6329863972e+00
1.2356468848e+00
-6.0166796367e+00
-6.8735420464e+00
-1.0669453376e+00
-3.3392245434e+00
6.7114420810e+00
5.0650054611e+00
-7.8380968964e+00
5.9299693450e+00
-1.7389364761e+00
3.6552759835e+00
5.0159143663e+00
6.4144128462e+00
-3.4834679612e+00
6.3470384751e+00
6.3845317114e+00
6.8580276678e+00
9.0706780520e+00
-2.1990206472e+00
-4.3770442725e+00
-2.1199904910e+00
8.0494489489e+00
1.2080565101e+00
9.7739706572e+00
-8.3615572042e+00
8.9937662766e+00
-2.4694538390e+00
4.7565172294e+00
-5.3756484704e+00
-6.1906479026e+00
5.4451628893e+00
8.7904705806e+00
3.5009639929e+00
4.8958514863e+00
2.4192501512e+00
-7.6816450005e+00
-9.7406192128e+00
-1.0554009678e+00
-3.9941726167e+00
-1.8635338740e+00
5.1197783220e+00
5.4604887100e+00
-9.7029204047e+00
2.8997708288e+00
-5.6707433762e+00
-1.6136699813e+00
-6.0531448159e+00
4.5774646227e+00
9.2234424144e+00
-2.0361454013e+00
3.0691484721e+00
-5.3031272238e+00
9.3422861918e+00
2.6093998124e+00
-7.1589868672e+00
6.6036969819e+00
1.8051592477e+00
-8.7647210301e+00
9.0113443544e+00
5.0942583434e+00
5.7296175446e+00
9.2397462056e+00
-8.8107732478e+00
-6.1302297395e+00
-3.9473149874e+00
-9.6039318153e+00
6.5661012209e+00
-2.4998244954e+00
-2.3416884137e+00
1.4173408999e+00
2.2737919072e+00
7.7352549391e+00
8.2043876360e+00
-2.5798047243e+00
-2.7209981756e+00
-7.7171499868e+00
-8.6457775740e+00
-1.6046589136e+00
8.5391240000e+00
-2.6675867257e+00
-5.0986565486e+00
3.0556030111e+00
7.5516887824e+00
9.0457699333e+00
-6.6476227662e+00
-3.5790683962e+00
8.4136771374e+00
5.7034304210e+00
6.0719431055e+00
-3.4725656402e+00
-3.6553746392e+00
3.1258972359e+00
-6.3247364746e+00
6.3531944017e+00
2.7640823902e+00
8.8877848688e+00
3.2894431789e+00
-7.2382783480e+00
-9.9536852002e+00
4.8657512990e+00
4.6213077851e+00
8.9574351903e+00
-1.1472304741e+00
3.2134808433e+00
-6.6696708178e+00
-7.3078483759e+00
1.9174360754e+00
-5.3052606570e+00
8.5857582270e+00
6.1633652001e+00
2.1285450316e+00
-9.2775325497e+00
-3.9908589665e+00
2.6877210225e+00
-4.5402637099e+00
-2.2701943418e+00
3.0647106574e+00
-2.3278549950e+00
7.5794735044e+00
-5.6496357574e+00
2.5676761095e+00
-8.4630674999e+00
-4.4141819002e+00
2.0897783663e+00
-9.7882985945e+00
-2.3718380449e+00
4.4456183935e+00
8.4423972070e+00
-5.3913798974e+00
-5.2523344540e+00
1.8776320352e+00
-9.5061584942e+00
4.4464054298e+00
8.7622264341e+00
-4.4705362292e+00
-5.2265115912e+00
8.2262091151e+00
1.1242671554e+00
-9.8381311353e+00
4.0623112785e+00
-8.9043855327e+00
8.2511276459e+00
1.4240369654e+00
-2.3930497071e+00
-6.5531848657e+00
5.2201478754e+00
-1.4410454887e+00
-1.4288362776e+00
4.5740781621e+00
-8.5117586984e+00
7.0049603767e+00
-3.0203713719e+00
6.9242225196e+00
-5.0686682853e+00
6.9108485533e+00
-7.3898879547e+00
-3.8192760768e+00
1.9794487304e+00
-4.4809945110e+00
2.9372735449e+00
8.0324966690e+00
2.5629406845e+00
4.7168772946e+00
-5.5630626071e+00
9.6710926440e+00
-4.6430178287e+00
-8.6720689165e+00
1.3062233006e+00
-9.2914766630e+00
1.2502925277e+00
-2.2094244615e+00
2.4441691820e+00
-5.0136119491e+00
2.4917755719e+00
-1.7516963001e+00
7.5430058041e+00
9.6931514664e+00
-6.1523961281e+00
1.9259846442e+00
1.2929616034e+00
3.7955723033e+00
-2.4030029642e+00
-2.6616202835e+00
-2.4495188921e+00
9.4606800344e+00
9.8788946809e+00
-4.0884577876e+00
-4.3733801842e+00
2.0578057953e+00
-1.4115359997e+00
-3.1838875353e+00
-4.6863144144e+00
-3.4718917121e+00
-6.9369232153e+00
7.4483926749e+00
-1.3069382433e+00
8.3827777730e+00
-9.8489175888e+00
1.3775105839e+00
-8.1429068523e+00
-4.2176464205e+00
-9.1464950583e+00
6.6949499178e+00
-1.7300401006e+00
-6.5424865249e+00
-9.8228453920e+00
-7.6212426263e+00
7.8941419390e+00
2.1100769252e+00
-2.2175950069e+00
-3.5675968817e+00
5.5036901817e+00
7.7116464034e+00
6.9362230804e+00
1.4350514713e+00
-7.5687719067e+00
4.6060631730e+00
3.4897755457e+00
-3.8252111811e+00
7.1131208380e+00
-8.4868624462e+00
8.5304844130e+00
5.6483678881e+00
-9.7609819293e+00
1.9721645494e+00
-4.1937076322e+00
-6.8251109643e+00
-9.3519482972e+00
3.2102443776e+00
1.0282548154e+00
-1.7749784624e+00
-7.1535870066e+00
-7.3423491839e+00
4.6408512407e+00
-6.4608609006e+00
-3.9395110239e+00
-9.4405564985e+00
-8.8866222780e+00
1.6444122907e+00
-8.6456296365e+00
-6.2288524664e+00
-3.2544709280e+00
-6.7367805254e+00
1.3941022675e+00
1.5926313012e+00
2.0566031140e+00
-5.4044705635e+00
6.0484920677e+00
-7.9143644756e+00
8.1371721216e+00
5.5465369514e+00
-8.3490015396e+00
-4.8387821917e+00
-3.3431262799e+00
2.2740547844e+00
-9.0796153155e+00
3.7674105742e+00
6.4210153870e+00
9.7012935593e+00
-7.2621305067e+00
7.4153361561e+00
-6.4680139738e+00
4.6065795616e+00
3.1632859869e+00
-5.3904203088e+00
6.6377415836e+00
9.0074559995e+00
-6.5913573114e+00
6.3593132375e+00
3.7872434602e+00
-2.9748230783e+00
-4.7956139999e+00
-7.6349862882e+00
-9.3272122912e+00
-1.3307432284e+00
-2.5733235146e+00
5.4936774152e+00
-7.5314830341e+00
-8.2246223366e+00
-1.5237964483e+00
7.8300334673e+00
9.6011633079e+00
1.4766757540e+00
5.8884429259e+00
4.6866703637e+00
-5.7194299053e+00
2.4007338227e+00
-3.2903886111e+00
1.2518766109e+00
8.8250864356e+00
-8.1976541038e+00
5.7893850658e+00
-2.7448199598e+00
-2.1575141306e+00
-3.8983972672e+00
6.0107759238e+00
6.0373454206e+00
-4.7689950184e+00
6.4215853216e+00
-7.5363508233e+00
9.8792370293e+00
-9.6279346933e+00
-3.8060731964e+00
8.0493927592e+00
-9.7960225846e+00
3.6792201634e+00
-3.6603314630e+00
-2.5887569719e+00
-4.9607580496e+00
9.7633234280e+00
-4.3707135438e+00
6.2516601295e+00
-3.4655948179e+00
-3.7752545649e+00
5.3616726368e+00
4.8127992887e+00
-7.4178383448e+00
1.6737107901e+00
-3.9474067621e+00
-3.0891320873e+00
-4.0253564590e+00
6.7600869090e+00
-6.9982750700e+00
9.7386260405e+00
-8.0112193725e+00
3.9002066750e+00
6.4080070432e+00
-6.5671968491e+00
-1.2663915735e+00
5.6035829609e+00
-9.4103292249e+00
7.2063932528e+00
-1.6845281019e+00
4.7402106616e+00
2.9010581878e+00
-7.4301860222e+00
9.1959912157e+00
-3.3994090363e+00
2.3639807794e+00
2.9330077267e+00
8.8545603197e+00
-7.3508727087e+00
-4.9934568255e+00
-2.4460608410e+00
-1.7637066912e+00
-8.7824767255e+00
-1.2840686898e+00
8.9931620625e+00
-3.7682951675e+00
-6.6866424355e+00
4.6023731240e+00
-3.1444964996e+00
-6.4992892378e+00
-6.5151169510e+00
3.5921506829e+00
-4.5896756716e+00
-9.1440638816e+00
1.9005107800e+00
-6.2471562989e+00
-9.6457378149e+00
9.0943693594e+00
-8.0290361524e+00
7.7680985249e+00
8.5130329357e+00
8.6573899960e+00
2.5859979351e+00
5.2238518655e+00
-5.0201700353e+00
3.2385132724e+00
3.5396404561e+00
-5.2861707968e+00
-2.3399515501e+00
8.5686881441e+00
7.3678620426e+00
-8.0405340868e+00
-4.0354279921e+00
-1.1859707083e+00
-1.8520829530e+00
-7.1856920576e+00
-6.6496000327e+00
-6.8391322002e+00
5.0081829585e+00
-5.1939381142e+00
-5.7074170747e+00
5.3363940281e+00
7.7562429729e+00
-1.4897323129e+00
-7.8121061527e+00
7.2030664939e+00
-4.5407354131e+00
5.0530401927e+00
8.9191154052e+00
-8.7642937733e+00
8.6389834260e+00
-9.7734148651e+00
-5.0104207029e+00
1.1047688490e+00
-8.1018960311e+00
-7.5524906058e+00
-3.0508118700e+00
-6.0768938743e+00
1.2929578764e+00
5.8367567539e+00
3.9225418143e+00
2.3226685403e+00
3.3463163461e+00
2.3783309440e+00
3.4287380604e+00
-9.6939146509e+00
-5.2076307483e+00
-5.0961879261e+00
-2.8249241252e+00
-3.5683155042e+00
-4.5430319228e+00
-9.1496712597e+00
-3.6904719463e+00
-1.2677199342e+00
7.3930586216e+00
7.0206594506e+00
-8.5629863320e+00
-6.3655831328e+00
-6.6371134367e+00
-2.2294532144e+00
7.8609246020e+00
-4.5379993015e+00
-3.2479936161e+00
1.1764159164e+00
7.8718092280e+00
5.4646471801e+00
2.5687125101e+00
-7.2878511693e+00
-4.0710539310e+00
9.3649474514e+00
-5.3336512794e+00
-3.4644606433e+00
-7.6935822635e+00
-8.1224402990e+00
-7.0415693326e+00
1.8115537831e+00
6.2797459686e+00
5.1351166809e+00
-4.5240060199e+00
-5.8930349537e+00
-9.0736814761e+00
5.6360054864e+00
-9.1535932757e+00
9.9172131374e+00
8.9193460205e+00
1.0509008870e+00
7.3901208203e+00
-4.4933656602e+00
4.0978435103e+00
-3.1834357455e+00
-2.4434200261e+00
-9.6113479010e+00
7.5115082375e+00
-7.0186157362e+00
2.4518101178e+00
1.8377993400e+00
-2.1877594350e+00
9.5730622897e+00
-2.4453575090e+00
6.5104495585e+00
-3.6487646817e+00
7.5991591112e+00
-4.1941610177e+00
9.7975898935e+00
-9.1728990839e+00
5.6306160696e+00
-2.9039736546e+00
-8.5616281234e+00
-2.3521689695e+00
-7.6404299783e+00
-7.7302127151e+00
3.9844867726e+00
7.6243665191e+00
-9.6838806557e+00
8.7126923476e+00
-8.3308475993e+00
2.1127680038e+00
-7.9286467612e+00
-4.6227084267e+00
-4.1454643999e+00
-1.1158176244e+00
-6.7333045216e+00
1.0392639655e+00
-9.4725314893e+00
9.0291897195e+00
-7.2433385319e+00
1.5995883183e+00
-6.2304206782e+00
9.9242151318e+00
-5.7004089717e+00
-8.0150060812e+00
-9.0185001167e+00
6.3549948587e+00
-2.9511584350e+00
3.2292164767e+00
1.2507892839e+00
5.2332433084e+00
-9.5472277639e+00
6.7319396479e+00
9.2386323621e+00
-8.2203787659e+00
-3.8455187094e+00
-8.4197179102e+00
-2.7103739574e+00
2.4986850850e+00
-2.1129578917e+00
-5.4159252529e+00
9.6570509240e+00
-4.3016030416e+00
7.1626770585e+00
6.0608223548e+00
4.4350541970e+00
-9.2590201686e+00
-6.0950629274e+00
2.7178800118e+00
-7.6844095193e+00
5.2326964749e+00
4.2611712963e+00
3.3269117369e+00
-5.2371538615e+00
3.6747722673e+00
-5.3067367630e+00
1.2911891000e+00
-4.2305411418e+00
3.3762636830e+00
8.0553701270e+00
6.4936688377e+00
-7.4865385693e+00
-5.4644660888e+00
3.6147852622e+00
8.6494948571e+00
-3.9387986179e+00
3.7335719518e+00
7.8651558995e+00
-9.6921396538e+00
-6.3033567377e+00
2.1135098331e+00
-5.6483477656e+00
5.0421693484e+00
9.7894294049e+00
-4.7240389830e+00
9.4389291924e+00
5.1356652656e+00
2.0501866670e+00
-6.2556494348e+00
-3.6459096101e+00
5.2443516815e+00
8.1169813196e+00
9.2579922925e+00
-6.9592542387e+00
-4.5697458945e+00
-5.8872758327e+00
6.3486318714e+00
-4.4565653864e+00
4.6347619343e+00
-1.2618716049e+00
-6.0558361441e+00
-8.9658952970e+00
-8.4555286531e+00
-5.1611075191e+00
7.4767737702e+00
1.3274350710e+00
7.1641048658e+00
-6.6372031120e+00
5.0986466328e+00
7.0184924947e+00
-7.4182299673e+00
7.1000025507e+00
-3.3782079772e+00
-6.2356797998e+00
3.9612508274e+00
-7.5266863414e+00
6.8923388180e+00
-7.8150972484e+00
3.0468718321e+00
9.0738833846e+00
1.4779989277e+00
-5.6452892613e+00
-2.5064967130e+00
9.6090312202e+00
3.2463983281e+00
5.3250592418e+00
-3.7915788586e+00
3.7540188681e+00
8.8542072173e+00
6.3361365097e+00
3.7445954693e+00
-7.8816151270e+00
-5.3940617827e+00
-2.8798770334e+00
-9.6511197062e+00
2.0776732303e+00
-5.3527002466e+00
-4.8296444661e+00
8.0732163815e+00
7.1251079892e+00
4.0291359930e+00
-1.0216224522e+00
-2.0431030300e+00
7.2133573631e+00
7.9238683876e+00
8.0026328560e+00
4.1521154208e+00
-1.9466631665e+00
-6.4022933472e+00
6.5415872896e+00
-2.2775150843e+00
2.8401559908e+00
8.7302678495e+00
1.0402026814e+00
5.9281551392e+00
8.0833529992e+00
-1.7273981607e+00
-2.5254299352e+00
4.6205473044e+00
1.7580895151e+00
9.6639600948e+00
-6.7348950700e+00
-9.6401527760e+00
-6.0481086104e+00
7.6249445474e+00
2.9259985074e+00
5.7270896355e+00
-2.5519969484e+00
-2.8261424502e+00
2.3284389651e+00
9.8372918127e+00
-3.9393015834e+00
-3.6020571813e+00
-3.1005125789e+00
-7.8069580212e+00
3.2024014516e+00
3.9566673331e+00
-5.7364909401e+00
-9.3812001442e+00
-8.1905550689e+00
-4.5824137167e+00
-9.0845916682e+00
6.0829769170e+00
-8.7378949376e+00
7.8566833253e+00
8.4413227397e+00
-2.5560234713e+00
5.0352311259e+00
-6.2978136249e+00
-8.8792869033e+00
3.2961211131e+00
8.3519906089e+00
-8.8825640989e+00
-1.7058770197e+00
-3.0851791583e+00
9.9347376737e+00
-9.6908930773e+00
-4.6520639966e+00
-8.2666976549e+00
1.5856424011e+00
-9.3050380671e+00
-2.5837065019e+00
-7.3633199202e+00
-8.9801099339e+00
-3.2150743735e+00
-7.7467919975e+00
5.3899070772e+00
5.7572401399e+00
-9.0784547001e+00
1.0990678208e+00
-3.4019935120e+00
2.4744567927e+00
-8.8332252588e+00
-6.5499397016e+00
4.9537602269e+00
-9.7097642363e+00
-1.9807449452e+00
8.6278945883e+00
9.9808740358e+00
-3.5169171316e+00
-9.8367711483e+00
-8.5501903326e+00
2.8248222796e+00
1.7210180501e+00
-5.5660429181e+00
9.1409389392e+00
-6.9086780495e+00
-9.4774156429e+00
7.1910715549e+00
5.0588767262e+00
-4.2085625733e+00
4.0636714499e+00
-4.1772054107e+00
-4.8223560380e+00
