-5.5367105649e+00
-9.6782721166e+00
3.9008645580e+00
9.9977992127e+00
-7.4575561903e+00
-8.7515321109e+00
-9.5848333318e+00
-1.5888400657e+00
8.2626085786e+00
-1.0501839301e+00
-2.1572231018e+00
-8.9020427037e+00
-5.2868494535e+00
-1.3280331449e+00
-8.7990609789e+00
6.8314525821e+00
2.7005758855e+00
-8.3339124728e+00
-7.5314415518e+00
1.7287750633e+00
-2.1752184607e+00
-3.3198447039e+00
-4.9329066751e+00
7.9081421257e+00
-9.8093569728e+00
-9.1030643247e+00
-8.9497324993e+00
-1.3559367743e+00
4.1411119259e+00
5.7125426609e+00
7.8992638648e+00
-9.1062940996e+00
-6.6615348335e+00
2.9894841647e+00
6.1561223371e+00
-9.3348798683e+00
9.4298968933e+00
-7.1541332352e+00
9.8988941133e+00
2.2848160012e+00
-6.3449758351e+00
-6.4344935536e+00
9.1296812109e+00
7.1070282730e+00
-1.2079629550e+00
-2.6204250373e+00
-4.6231171220e+00
3.6707186523e+00
2.4891434154e+00
-8.7046815334e+00
-3.0693159219e+00
4.7893380928e+00
-8.9283421365e+00
-9.7850455965e+00
9.4464062198e+00
9.4204816582e+00
4.3290579192e+00
-9.6523302707e+00
4.1691003436e+00
-3.6180068441e+00
-1.4373813613e+00
1.8828369659e+00
-4.3410723555e+00
-5.9999813285e+00
6.4919126357e+00
8.6060167836e+00
-2.3209539800e+00
8.2632981862e+00
-5.2000795177e+00
-2.6344606628e+00
6.3368525934e+00
-7.2753190024e+00
9.4202221238e+00
9.6679114291e+00
-2.3173882332e+00
3.7344599709e+00
4.4009123724e+00
1.9212890832e+00
3.7905700013e+00
3.1322492014e+00
4.3394213193e+00
4.9316829485e+00
8.3723566055e+00
-5.2709718698e+00
-7.5802004687e+00
-6.0126856807e+00
4.6719883578e+00
-3.7192540874e+00
5.7978915115e+00
1.4156264332e+00
9.4004101919e+00
1.2145578485e+00
-7.7174893366e+00
3.5623912321e+00
-3.5994149924e+00
6.1223761387e+00
-3.0476937860e+00
2.3570800520e+00
-1.9543802895e+00
-6.3273485893e+00
4.8469053004e+00
-2.5914215996e+00
-9.8071300472e+00
-8.7003408535e+00
4.3534709938e+00
-5.4084204335e+00
-7.1621054375e+00
-8.4734382157e+00
-8.5305327934e+00
1.8174710634e+00
-4.3230289327e+00
8.0187356101e+00
-6.8735044006e+00
-7.7784988650e+00
-8.1265975790e+00
-6.4121912620e+00
-5.7616149635e+00
-1.0865958017e+00
7.9472846016e+00
-8.8169521852e+00
-4.9525416152e+00
4.1996391404e+00
-4.6872492194e+00
1.5039689060e+00
3.1698442919e+00
6.8769392619e+00
-1.1395257948e+00
4.4564202679e+00
3.9185783083e+00
-5.7105388774e+00
3.5981181029e+00
-8.2699392236e+00
4.9278242109e+00
-4.2601298073e+00
4.4017896003e+00
-8.8248850991e+00
2.5257272856e+00
-8.9236553671e+00
8.3766984510e+00
5.6968703672e+00
-5.0964050544e+00
3.3944201648e+00
-8.5869206854e+00
-8.0861674360e+00
-5.0124607345e+00
-5.7071829490e+00
-7.2806343577e+00
-1.4531010433e+00
-8.4142502867e+00
3.8678903073e+00
7.1138435318e+00
7.4220290621e+00
4.3255034587e+00
3.9272114781e+00
1.2686961898e+00
4.7148312052e+00
-7.5959467357e+00
6.9975517080e+00
-2.8448419123e+00
6.5515765733e+00
3.8999823652e+00
9.3820836358e+00
3.3917426600e+00
6.5133991068e+00
-3.1786405695e+00
4.9565136216e+00
-9.6059541927e+00
6.4922400993e+00
3.4023110143e+00
1.3987593601e+00
-7.9632813536e+00
8.2850324549e+00
5.5885021382e+00
-1.8116757916e+00
9.9325949041e+00
-6.0788819195e+00
6.2367540683e+00
-6.4409552925e+00
1.9058578138e+00
-4.2986457098e+00
-9.1135136454e+00
9.8449754621e+00
9.5080131908e+00
-5.0299677355e+00
1.5277050507e+00
8.1073428309e+00
-1.5849110140e+00
5.0851475988e+00
-6.2729200213e+00
-5.5917843826e+00
2.1567673313e+00
-2.4811064959e+00
-2.8405203846e+00
5.0685324452e+00
-9.6250379597e+00
-1.0589518899e+00
-1.8005840593e+00
1.2577606575e+00
-5.3173883188e+00
4.0014552172e+00
-5.4258703119e+00
-7.8654834430e+00
-6.2160318353e+00
7.9273560866e+00
2.6904718961e+00
6.1269099599e+00
-4.9287540739e+00
-7.8022887713e+00
5.3907766674e+00
8.5519107020e+00
-5.9413853137e+00
9.9424247813e+00
6.9138692853e+00
3.6186098085e+00
-2.1603458361e+00
-5.7256686611e+00
-5.5767843892e+00
-1.2902920096e+00
-6.5005859308e+00
6.2852810680e+00
2.7965008398e+00
-2.2783745266e+00
-9.8512869787e+00
-5.2832880814e+00
-4.5747913775e+00
6.5281368448e+00
-9.1177525533e+00
-3.4119544749e+00
-1.6804051929e+00
6.9586966952e+00
-7.7998413667e+00
5.5292602073e+00
-6.9026702272e+00
-2.7979967055e+00
-6.1121886461e+00
8.2522477325e+00
4.8685942671e+00
9.6811230124e+00
-8.2766915566e+00
6.7570991870e+00
-5.6160557164e+00
-8.9483689648e+00
-1.5588833296e+00
-3.5826846125e+00
8.1284067774e+00
-6.8008205284e+00
-6.8543291916e+00
-1.6170600577e+00
1.6489654413e+00
-9.5174750661e+00
-5.1214216517e+00
6.8073570289e+00
-7.5143555962e+00
3.9840122938e+00
2.8230536327e+00
4.2083303048e+00
-2.6915634091e+00
-6.6689169542e+00
-6.4048035219e+00
-1.3937317223e+00
-6.0557932977e+00
2.9571574013e+00
4.7525083482e+00
-3.9783465963e+00
-8.2152806606e+00
8.4379737851e+00
-2.5966796682e+00
-4.3222525414e+00
4.7190114443e+00
6.8221422689e+00
-2.4074074668e+00
5.5558577086e+00
1.8872809575e+00
-2.2025663790e+00
-5.7621120889e+00
-9.3102908012e+00
1.7107010558e+00
2.2995534492e+00
2.5355049241e+00
7.6161517646e+00
4.6926329090e+00
-4.7500669101e+00
-2.2738463616e+00
-3.6346314526e+00
-9.5339990874e+00
5.9204271288e+00
5.2608435773e+00
-6.9342285763e+00
1.4030192764e+00
6.0508579576e+00
-4.0837464617e+00
-8.0414759289e+00
-4.0499459178e+00
-3.8772809782e+00
3.8171664029e+00
4.7296709785e+00
2.0231315904e+00
4.4336049403e+00
-3.4785856125e+00
2.7498665965e+00
2.3311324761e+00
4.3056797114e+00
-3.6124154903e+00
-2.0917563205e+00
-9.5373754187e+00
-8.5840367326e+00
8.1437789190e+00
-7.0035071231e+00
3.7314601646e+00
2.5628097769e+00
2.8438244267e+00
5.2239249204e+00
-9.5013993908e+00
1.9179657500e+00
8.7194769120e+00
2.2171352110e+00
-2.2240095983e+00
-2.4821686488e+00
-3.5413864425e+00
7.2079146811e+00
-3.2300584262e+00
-9.5564172313e+00
-8.0456581052e+00
3.1347564323e+00
2.8323026769e+00
-7.9488666935e+00
7.9937160022e+00
9.4488509042e+00
5.4598233066e+00
-6.4167460011e+00
6.5218748673e+00
1.4306546787e+00
-5.2547345199e+00
-3.0041235536e+00
7.8149688505e+00
-9.5022248605e+00
2.7795627510e+00
4.1344446861e+00
-4.0547296792e+00
-2.6142871084e+00
6.6460105920e+00
-7.7873055813e+00
7.5718993478e+00
-6.8625453796e+00
1.9764256794e+00
-6.9726140443e+00
-1.9922724101e+00
4.7648624775e+00
-6.0416084303e+00
2.1879199885e+00
-8.9974236335e+00
-1.7253718115e+00
5.0906097581e+00
6.9356278444e+00
7.0934646959e+00
1.3538314880e+00
5.9166978629e+00
-7.0374332231e+00
7.6234126386e+00
-9.1196766001e+00
9.1325514542e+00
2.0228080259e+00
-1.2731851230e+00
2.6130115690e+00
7.9560008082e+00
3.5707247064e+00
8.1987046252e+00
8.0119707306e+00
-9.3680814030e+00
-7.2273537441e+00
7.1432768163e+00
-3.3472445006e+00
1.1431966596e+00
-1.5378099139e+00
-4.2305397415e+00
4.6190263524e+00
-3.6267898483e+00
-4.0957559646e+00
4.5003755596e+00
-9.3096863875e+00
-1.9544785533e+00
4.0629064926e+00
-7.8243431903e+00
-5.8677859002e+00
-2.3653800518e+00
-4.2499642933e+00
8.2883568767e+00
-6.1994671962e+00
8.5287548145e+00
-6.7732320691e+00
-6.7448739847e+00
-1.0261360717e+00
-1.5749034617e+00
-5.8915259460e+00
-4.8916183271e+00
7.0856162433e+00
-6.0924988747e+00
-2.8556603052e+00
-4.5222810228e+00
-4.3583004319e+00
-6.4680132273e+00
9.7962583683e+00
-8.4618947859e+00
9.5068971583e+00
-4.4284796066e+00
7.3858451724e+00
-1.4951832678e+00
-8.7150534980e+00
3.8210105831e+00
-9.1713491784e+00
1.5220538949e+00
-9.0278455650e+00
7.2709538259e+00
-4.9136862146e+00
-4.5071696621e+00
-7.6883407493e+00
6.6623811023e+00
-7.1344794190e+00
-2.0984768629e+00
-1.0716221377e+00
-1.2451535759e+00
1.9845011789e+00
-9.4749305194e+00
-3.7025753533e+00
3.7333396226e+00
9.5110620569e+00
-7.1179758571e+00
6.3275177665e+00
-7.3964805178e+00
-6.5007970892e+00
-8.4621636880e+00
4.1675300510e+00
3.2961058871e+00
6.8207420004e+00
3.8211178497e+00
-8.4927459895e+00
-2.6015208483e+00
9.5328257924e+00
-7.0773264568e+00
2.6499869095e+00
-4.2330223933e+00
8.0035836484e+00
2.5096150693e+00
6.9314895010e+00
2.1140391527e+00
-6.2037551603e+00
-3.7732124275e+00
4.3173087707e+00
-4.4008335731e+00
6.1696160789e+00
-7.7362494321e+00
-2.1378403395e+00
4.2173087882e+00
6.8245879525e+00
6.4694822880e+00
1.8143153745e+00
9.5380204943e+00
1.5305281677e+00
7.1163215256e+00
-7.9614979001e+00
-9.9972948881e+00
-5.3377626960e+00
-6.7625592037e+00
9.6403655596e+00
-7.5400565018e+00
-2.4175658184e+00
-1.5143290706e+00
9.6374491723e+00
1.2578955013e+00
-1.1404078841e+00
-7.2061805000e+00
-6.7371440534e+00
-6.5133389813e+00
9.9257755602e+00
6.5902238835e+00
-1.4526359901e+00
-1.6008193664e+00
-9.5083791254e+00
-6.2213326361e+00
9.6147477312e+00
-1.7779288982e+00
-4.4052975191e+00
9.5915170922e+00
6.8547148004e+00
3.1659902293e+00
-3.8351342111e+00
-4.0850042294e+00
1.6431394860e+00
1.9535968168e+00
-6.8384689219e+00
-3.6328645878e+00
-4.4484090292e+00
-5.1569414226e+00
6.0354870675e+00
-3.8508963739e+00
1.9708598353e+00
8.1394358656e+00
-3.0271094568e+00
-9.5365420111e+00
-6.5291094782e+00
3.8854215540e+00
-7.1076304668e+00
9.0910958142e+00
-4.2540466669e+00
3.6750038215e+00
5.6884610647e+00
-5.4210187473e+00
-9.6344103067e+00
5.6426568031e+00
3.8584972116e+00
-5.3573484947e+00
-8.5073852220e+00
-4.2618024345e+00
1.2466771937e+00
8.2635679260e+00
-7.6710358631e+00
3.5331911283e+00
-3.4867103560e+00
-8.9439679794e+00
-1.9683359897e+00
1.7469910398e+00
-1.3186094747e+00
-4.6530472478e+00
2.4299030922e+00
-3.7860927847e+00
5.2589378567e+00
1.8307617799e+00
3.6930137919e+00
3.8931217721e+00
7.0249572293e+00
3.1714547193e+00
8.1643417524e+00
-3.7002720150e+00
6.6753393102e+00
9.5617501669e+00
-4.4467676464e+00
-9.9030796176e+00
4.7774064930e+00
-9.8806810693e+00
2.0435022581e+00
6.3560296276e+00
-5.8195094070e+00
8.5722556318e+00
-7.5302310676e+00
4.7915803894e+00
9.9455504309e+00
4.7123692786e+00
-4.4813104243e+00
-4.3171732647e+00
-9.4396223744e+00
-9.1378553259e+00
9.9559778622e+00
-3.9506916595e+00
-2.6209418000e+00
5.9224063708e+00
-1.3590860559e+00
2.5945714597e+00
-5.4186552399e+00
7.0980464793e+00
3.1415147906e+00
4.4229814337e+00
4.4936796496e+00
8.1359458381e+00
7.1457490286e+00
-6.0446473077e+00
9.9870061922e+00
-7.4279642424e+00
5.1396546605e+00
2.6568072158e+00
-8.4788512442e+00
-6.4331243019e+00
1.2607769418e+00
-8.6890207330e+00
-1.1397224609e+00
2.3801215331e+00
-5.7414623888e+00
8.7952649488e+00
9.8153450651e+00
5.5682188070e+00
6.7444950260e+00
6.7511382463e+00
-4.8833999967e+00
-1.5879296048e+00
9.4626572433e+00
-6.8021114465e+00
-5.6167652947e+00
8.0724158764e+00
7.6531150873e+00
6.1749916937e+00
-3.1648825394e+00
-5.4158766595e+00
7.8637285013e+00
3.8910913647e+00
-6.9551872208e+00
2.5975575693e+00
7.8201841147e+00
-3.1418137054e+00
8.8776374150e+00
-4.5095094918e+00
8.4004424789e+00
-3.3316603956e+00
3.6712984925e+00
7.4300605751e+00
4.3167702246e+00
-1.5154953795e+00
-4.0885328137e+00
-5.5585654520e+00
-2.7507954288e+00
-7.3856929806e+00
3.8445959910e+00
2.4523632907e+00
8.9957014581e+00
6.5806325873e+00
5.8159469291e+00
-9.7665363514e+00
-2.8401087805e+00
-1.5629901311e+00
-7.5680711492e+00
7.8139030763e+00
-2.2985845917e+00
-4.2698764323e+00
6.2792002529e+00
-5.9037956929e+00
-6.6438569326e+00
9.4600924385e+00
-5.4773074943e+00
-6.4717603187e+00
2.4080364148e+00
2.8610468531e+00
-5.0818894186e+00
6.5130489675e+00
-7.9329665572e+00
3.1277683666e+00
6.3230329019e+00
9.5150305414e+00
-7.5101534119e+00
1.6951940234e+00
-7.6347523556e+00
2.4494823931e+00
6.2820751046e+00
3.5653149544e+00
-5.2806443722e+00
7.9822477816e+00
9.0682941493e+00
-2.6033419368e+00
-2.8881422481e+00
-3.2653302525e+00
8.8786652836e+00
7.1538045314e+00
-6.7796117834e+00
-5.9308763228e+00
-4.1256688177e+00
-2.2291645876e+00
-5.6912409226e+00
9.0937197454e+00
-4.2071538391e+00
3.4539019526e+00
3.0718068207e+00
-9.0701961879e+00
-4.8797127911e+00
-6.1289662834e+00
-4.9369541454e+00
6.6806358594e+00
8.6579215152e+00
-5.2738653529e+00
6.3264438986e+00
1.1148417022e+00
6.3707781116e+00
-3.2130387554e+00
5.5911775456e+00
6.9083236469e+00
-6.0977771586e+00
6.5141002031e+00
7.1336878053e+00
-6.8637192149e+00
-7.3356337230e+00
5.0333037512e+00
-5.7227038568e+00
-1.9917784692e+00
-3.0381286903e+00
-3.5320623833e+00
9.1815607794e+00
6.0625924449e+00
-5.5519136891e+00
3.3473404901e+00
3.3452313544e+00
-2.7074396145e+00
-2.7668893986e+00
1.6187362199e+00
-9.9848022198e+00
3.2519341337e+00
1.1080182175e+00
5.9610323262e+00
-4.9640596802e+00
8.2658245268e+00
3.5207946656e+00
6.8039116863e+00
-4.9006274497e+00
-1.5206778407e+00
8.4028490236e+00
5.2766222165e+00
-2.4461522047e+00
-4.0461391654e+00
-1.1700649891e+00
-2.9217165735e+00
-9.4646864229e+00
-4.3358832575e+00
-6.3471986027e+00
2.2807471989e+00
-4.7545726873e+00
-3.8013279406e+00
3.9369824267e+00
2.4482604419e+00
7.3308380178e+00
8.3575993704e+00
-1.9460118634e+00
3.9317876954e+00
-8.9918758590e+00
-3.5827803191e+00
-4.4314269436e+00
5.0512126723e+00
3.4058755702e+00
-3.3293945852e+00
-9.5569170274e+00
-3.8279866229e+00
1.1225446157e+00
-4.6309965756e+00
5.5631635805e+00
7.3521029904e+00
8.7029850025e+00
1.8306417603e+00
-1.9477769438e+00
1.0450501156e+00
7.6966406307e+00
3.3353707919e+00
3.4035444720e+00
7.7689100148e+00
6.7495354682e+00
7.2043333170e+00
4.9581168163e+00
-6.7395863656e+00
-6.0640225071e+00
-5.6899445128e+00
-1.7515193692e+00
-4.5446044656e+00
5.9725217803e+00
3.6280369716e+00
-7.4538077221e+00
3.9140827482e+00
4.5859883851e+00
-1.6652594312e+00
-4.1501026986e+00
4.5150524202e+00
-8.3583350122e+00
2.4932866065e+00
-4.2119418252e+00
1.8528086470e+00
-7.6595305516e+00
-6.4764535591e+00
1.5834623902e+00
5.9135035489e+00
6.2375116663e+00
-5.7765033326e+00
-7.9899422030e+00
-2.6253255414e+00
-8.1443699319e+00
-3.3088320879e+00
-9.5169909608e+00
3.6036332863e+00
2.2121557840e+00
-3.8839380564e+00
-6.1294835590e+00
-9.2451891892e+00
-2.2228922200e+00
-5.4333811462e+00
8.3246813991e+00
-9.3525180262e+00
1.1258854320e+00
-9.2531794600e+00
-7.2144369964e+00
-2.8476177683e+00
3.5541719471e+00
2.7682348150e+00
-1.3008309880e+00
2.2360267973e+00
-3.3293971762e+00
8.5521701877e+00
-9.0468243872e+00
-1.5553844775e+00
-7.8223529733e+00
-3.1106925523e+00
-7.6812582663e+00
-7.1749386520e+00
-4.1586932556e+00
-7.6062338381e+00
-7.5749709420e+00
5.5479659481e+00
-9.2445444126e+00
4.9421654295e+00
-7.0363899629e+00
9.6237563889e+00
4.9167001284e+00
5.2651461287e+00
8.0011836457e+00
3.1738063076e+00
6.8736269423e+00
-5.3728401843e+00
-2.5179217636e+00
5.4902930365e+00
-7.9845366294e+00
7.6085698212e+00
-8.0234290563e+00
-1.6464174206e+00
5.3875636089e+00
-6.0110370645e+00
8.4833519742e+00
1.4498934343e+00
-5.9674409771e+00
8.0472451988e+00
3.2546350643e+00
5.9369730334e+00
-8.5123318175e+00
-3.0636658706e+00
-8.9787331962e+00
9.8051464074e+00
-6.6798837448e+00
-8.2307319699e+00
-7.2147854416e+00
4.0106780602e+00
9.4790273989e+00
7.8091095665e+00
7.9281182251e+00
-8.0762845766e+00
2.9791339771e+00
2.2522207706e+00
3.6870467148e+00
-8.5405482980e+00
7.2451915961e+00
-1.1511421541e+00
-4.8966040882e+00
-5.4111088528e+00
6.7753207230e+00
-9.9790939840e+00
-5.8992250739e+00
3.0111214644e+00
-2.7746173647e+00
7.4611741780e+00
1.4482819867e+00
8.7567891795e+00
-2.0715957004e+00
-8.8959720160e+00
1.9019610836e+00
1.5121067394e+00
9.2367868207e+00
5.1537263198e+00
9.8670911968e+00
8.0065164507e+00
4.3828841324e+00
-9.8139578656e+00
-2.4175234060e+00
9.1882477206e+00
-7.1288544359e+00
-6.6260714338e+00
1.1903164531e+00
-7.0175323515e+00
-5.7563527869e+00
-5.8503545188e+00
-1.4921248649e+00
6.3625606243e+00
9.5673706685e+00
-8.9837641892e+00
-3.6948696785e+00
-3.9338019795e+00
-6.2485445829e+00
3.9723512038e+00
3.6073969739e+00
-3.7878374747e+00
1.1919802479e+00
-4.3184218265e+00
1.1489917092e+00
-1.3719391510e+00
7.8933731299e+00
8.7107943039e+00
-1.9877776930e+00
6.2124743078e+00
-5.2611570068e+00
3.4708143415e+00
-1.9272215479e+00
5.0017472698e+00
-4.3328865111e+00
-4.7846108455e+00
-6.8364550325e+00
7.6944566088e+00
3.9025688595e+00
-2.4442184911e+00
6.1785470851e+00
5.6250635543e+00
4.4119453504e+00
-3.7903684815e+00
9.0705579154e+00
-7.1638319220e+00
-9.6230857442e+00
-9.6997306508e+00
-1.4375356036e+00
-6.5315289741e+00
-1.0959588205e+00
6.7888868921e+00
-8.8250453595e+00
7.8898604949e+00
-1.8402859432e+00
-6.6776619376e+00
4.1369959121e+00
8.5794168253e+00
7.8038644969e+00
9.0418991477e+00
-9.0616460592e+00
9.8800724696e+00
-7.2298621688e+00
-5.0357134617e+00
3.7367040002e+00
-5.5798647446e+00
-4.3015981495e+00
-2.9549191523e+00
-3.7049983093e+00
1.8818848444e+00
5.6589151064e+00
4.4945156050e+00
-2.7695622254e+00
6.7625695756e+00
-2.3307568801e+00
-6.6905538952e+00
-1.9704494815e+00
-8.3996127798e+00
4.9238170611e+00
-3.1609131515e+00
5.8834205017e+00
4.6742695165e+00
2.1798105352e+00
-9.3536848528e+00
9.7550683247e+00
-9.6802341913e+00
-2.5099495173e+00
9.2382859048e+00
-1.6433009101e+00
8.6333185400e+00
-2.6627330023e+00
3.9388622996e+00
2.6585026672e+00
2.7821337210e+00
5.4657920230e+00
-5.3591815288e+00
5.2598053226e+00
-4.8922456541e+00
-2.8643054592e+00
-4.2606913730e+00
2.5296499816e+00
6.4188726223e+00
5.8921273215e+00
6.9854081896e+00
-2.0454715063e+00
6.7581084118e+00
-5.9259844516e+00
-7.0694906790e+00
-9.3147367876e+00
-3.1927769311e+00
5.1709501500e+00
-6.4711076929e+00
-9.2619436121e+00
9.2536739171e+00
-1.1196566452e+00
-7.7268612424e+00
1.0523535835e+00
-7.5827438150e+00
6.4675260807e+00
2.9086701577e+00
9.4059730474e+00
-9.2757100812e+00
9.2034869429e+00
3.9196622496e+00
-9.9708239131e+00
-4.7355400770e+00
-9.7335568690e+00
4.6780140544e+00
-3.9807787398e+00
-3.4496325909e+00
4.1787247193e+00
-9.0188267254e+00
6.0042492432e+00
-7.5731131498e+00
9.3009384589e+00
2.9519572218e+00
9.2005655294e+00
-5.7606802088e+00
9.8621648861e+00
5.2150679927e+00
-8.6148350861e+00
-6.3594674321e+00
8.4059793219e+00
2.7681702835e+00
7.9509705575e+00
