2
-6
-23
-17
45
170
351
555
750
935
1122
1310
1488
1657
1849
2045
2243
2431
2610
2812
3070
3391
3768
4168
4559
4940
5323
5707
6081
6446
6834
7226
7618
8010
8402
8794
9186
9578
9970
10362
10754
11146
11538
11930
12322
12714
13106
13498
13890
14282
14674
15066
15458
15850
16242
16634
17026
17418
17810
18202
18594
18986
19378
19770
20162
20554
20946
21338
21730
22122
22514
22906
23298
23690
24082
24470
24878
25304
25684
25952
26094
26124
26108
26110
26132
26150
26166
26202
26256
26264
26264
26260
26276
26310
26298
26174
25924
25562
25154
24764
24394
24020
23644
23288
22950
22566
22174
21782
21390
20998
20606
20214
19822
19430
19038
18646
18254
17862
17470
17078
16686
16294
15902
15510
15118
14726
14334
13942
13550
13158
12766
12374
11982
11590
11198
10806
10414
10022
9630
9238
8846
8454
8062
7670
7278
6886
6494
6102
5710
5318
4926
4534
4142
3750
3358
2966
2574
2182
1790
1398
1006
614
222
-170
-562
-954
-1346
-1738
-2130
-2522
-2914
-3306
-3698
-4090
-4482
-4874
-5266
-5658
-6050
-6442
-6834
-7226
-7618
-8010
-8402
-8794
-9186
-9578
-9970
-10362
-10754
-11146
-11538
-11930
-12322
-12714
-13106
-13498
-13890
-14282
-14674
-15066
-15458
-15850
-16242
-16634
-17026
-17418
-17810
-18202
-18594
-18986
-19378
-19770
-20162
-20554
-20946
-21338
-21730
-22122
-22514
-22906
-23298
-23690
-24082
-24470
-24878
-25304
-25684
-25952
-26094
-26124
-26108
-26110
-26132
-26150
-26166
-26202
-26256
-26264
-26264
-26260
-26276
-26310
-26298
-26174
-25924
-25562
-25154
-24764
-24394
-24020
-23644
-23288
-22950
-22566
-22174
-21782
-21390
-20998
-20606
-20214
-19822
-19430
-19038
-18646
-18254
-17862
-17470
-17078
-16686
-16294
-15902
-15510
-15118
-14726
-14334
-13942
-13550
-13158
-12766
-12374
-11982
-11590
-11198
-10806
-10414
-10022
-9630
-9238
-8846
-8454
-8062
-7670
-7278
-6886
-6494
-6102
-5710
-5318
-4926
-4534
-4142
-3750
-3358
-2966
-2574
-2182
-1790
-1398
-1006
-614
-222
170
562
954
1346
1738
2130
2522
2914
3306
3698
4090
4482
4874
5266
5658
6050
6442
6834
7226
7618
8010
8402
8794
9186
9578
9970
10362
10754
11146
11538
11930
12322
12714
13106
13498
13890
14282
