2
-6
-23
-17
45
170
351
555
750
935
1122
1310
1488
1657
1849
2045
2243
2431
2610
2812
3014
3216
3418
3620
3822
4024
4226
4428
4630
4832
5034
5236
5438
5640
5842
6044
6246
6448
6650
6852
7054
7256
7458
7660
7862
8064
8266
8468
8670
8872
9074
9276
9478
9680
9882
10084
10286
10488
10690
10892
11094
11296
11498
11700
11902
12104
12306
12508
12710
12912
13114
13316
13518
13720
13922
14120
14338
14574
14764
14842
14794
14634
14428
14240
14072
13900
13726
13572
13436
13254
13064
12870
12696
12540
12338
12136
11934
11732
11530
11328
11126
10924
10722
10520
10318
10116
9914
9712
9510
9308
9106
8904
8702
8500
8298
8096
7894
7692
7490
7288
7086
6884
6682
6480
6278
6076
5874
5672
5470
5268
5066
4864
4662
4460
4258
4056
3854
3652
3450
3248
3046
2844
2642
2440
2238
2036
1834
1632
1430
1228
1026
824
622
420
218
16
-186
-388
-590
-792
-994
-1196
-1398
-1600
-1802
-2004
-2206
-2408
-2610
-2812
-3014
-3216
-3418
-3620
-3822
-4024
-4226
-4428
-4630
-4832
-5034
-5236
-5438
-5640
-5842
-6044
-6246
-6448
-6650
-6852
-7054
-7256
-7458
-7660
-7862
-8064
-8266
-8468
-8670
-8872
-9074
-9276
-9478
-9680
-9882
-10084
-10286
-10488
-10690
-10892
-11094
-11296
-11498
-11700
-11902
-12104
-12306
-12508
-12710
-12912
-13114
-13316
-13518
-13720
-13922
-14120
-14338
-14574
-14764
-14842
-14794
-14634
-14428
-14240
-14072
-13900
-13726
-13572
-13436
-13254
-13064
-12870
-12696
-12540
-12338
-12136
-11934
-11732
-11530
-11328
-11126
-10924
-10722
-10520
-10318
-10116
-9914
-9712
-9510
-9308
-9106
-8904
-8702
-8500
-8298
-8096
-7894
-7692
-7490
-7288
-7086
-6884
-6682
-6480
-6278
-6076
-5874
-5672
-5470
-5268
-5066
-4864
-4662
-4460
-4258
-4056
-3854
-3652
-3450
-3248
-3046
-2844
-2642
-2440
-2238
-2036
-1834
-1632
-1430
-1228
-1026
-824
-622
-420
-218
-16
186
388
590
792
994
1196
1398
1600
1802
2004
2206
2408
2610
2812
3014
3216
3418
3620
3822
4024
4226
4428
4630
4832
5034
5236
5438
5640
5842
6044
6246
6448
6650
6852
7054
7256
7458
7660
7862
8064
8266
8468
8670
8872
9074
9276
9478
9680
9882
10084
10286
10488
10690
10892
11094
11296
11498
11700
11902
12104
12306
12508
12710
12912
13114
13316
13518
13720
13922
14120
14338
14574
14764
14842
14794
14634
14428
14240
14072
13900
13726
13572
13436
13254
13064
12870
12696
12540
12338
12136
11934
11732
11530
11328
